-1, -1, inf, inf, inf, inf
0, 0, 0.08718957853838726, 0.08718957853838726, 0.08718957853838726, 0.056890254942071505
0, 1, 0.4004529734877487, 0.4004529734877487, 0.0964048793201677, 0.056890254942071505
0, 2, 0.017189663264647385, 0.017189663264647385, 0.011252206222424054, 0.041252206222424054
0, 3, 0.01631649195826236, 0.01631649195826236, 0.011300986769887902, 0.041252206222424054
0, 4, 0.41238621642356105, 0.01631649195826236, 0.2719120864207837, 0.041252206222424054
0, 5, 0.015170000543125815, 0.015170000543125815, 0.01043864712789469, 0.02043864712789469
0, 6, 0.41261199789270525, 0.015170000543125815, 0.2720576813681796, 0.02043864712789469
0, 7, 0.04814402517301562, 0.015170000543125815, 0.031583854502340254, 0.01043864712789469
0, 8, 0.01420941713641337, 0.01420941713641337, 0.009666184497540425, 0.009666184497540425
0, 9, 0.016965524528671082, 0.01420941713641337, 0.011238890914568346, 0.009666184497540425
1, 0, 0.37324162741831113, 0.01420941713641337, 0.2461733823170238, 0.009666184497540425
1, 1, 0.0594796738376254, 0.01420941713641337, 0.038676154484971026, 0.009666184497540425
1, 2, 0.016558780903111702, 0.01420941713641337, 0.010856305958553617, 0.009666184497540425
1, 3, 0.015923022092177167, 0.01420941713641337, 0.01103080183572504, 0.009666184497540425
1, 4, 0.40851091292420905, 0.01420941713641337, 0.2693687652681299, 0.009666184497540425
1, 5, 0.015118856850521348, 0.01420941713641337, 0.010399560496847603, 0.009666184497540425
1, 6, 0.4024927391594373, 0.01420941713641337, 0.26542082059616984, 0.009666184497540425
1, 7, 0.036968396606752656, 0.01420941713641337, 0.024288503446031885, 0.009666184497540425
1, 8, 0.014347469052376886, 0.01420941713641337, 0.009759047926194319, 0.009666184497540425
1, 9, 0.014119579729447693, 0.014119579729447693, 0.009711120564962034, 0.009711120564962034
2, 0, 0.031574998938616684, 0.014119579729447693, 0.020360662239735625, 0.009711120564962034
2, 1, 0.014571239682880908, 0.014119579729447693, 0.009987447906024153, 0.009711120564962034
2, 2, 0.014935890988375247, 0.014119579729447693, 0.010126344497765312, 0.009711120564962034
2, 3, 0.014864693005229074, 0.014119579729447693, 0.010279574559217528, 0.009711120564962034
2, 4, 0.03026107444184162, 0.014119579729447693, 0.019510045926355395, 0.009711120564962034
2, 5, 0.014343526478044199, 0.014119579729447693, 0.009868946406289244, 0.009711120564962034
2, 6, 0.05708702263611355, 0.014119579729447693, 0.03715293306212777, 0.009711120564962034
2, 7, 0.014824979538368522, 0.014119579729447693, 0.010006359285077695, 0.009711120564962034
2, 8, 0.014425555283234004, 0.014119579729447693, 0.00991658324980506, 0.009711120564962034
2, 9, 0.014493751162388676, 0.014119579729447693, 0.009997548812618367, 0.009711120564962034
3, 0, 0.014170413754996301, 0.014170413754996301, 0.009619831723917215, 0.009619831723917215
3, 1, 0.23785720604096858, 0.014170413754996301, 0.15649211865000306, 0.009619831723917215
3, 2, 0.020241797245455516, 0.014170413754996301, 0.013428763676592454, 0.009619831723917215
3, 3, 0.018010694858715592, 0.014170413754996301, 0.01211782522284148, 0.009619831723917215
3, 4, 0.015690377208941945, 0.014170413754996301, 0.010858443118654705, 0.009619831723917215
3, 5, 0.27395602185389645, 0.014170413754996301, 0.18039779079491966, 0.009619831723917215
3, 6, 0.014714183815447765, 0.014170413754996301, 0.010122395739087476, 0.009619831723917215
3, 7, 0.2859271796355822, 0.014170413754996301, 0.18830487080965233, 0.009619831723917215
3, 8, 0.020478161492500455, 0.014170413754996301, 0.013465830397001282, 0.009619831723917215
3, 9, 0.014498306973643007, 0.014170413754996301, 0.0099460538149857, 0.009619831723917215
4, 0, 0.013794216955355971, 0.013794216955355971, 0.009464955883049252, 0.009464955883049252
4, 1, 0.014477070757496373, 0.013794216955355971, 0.009986155335593404, 0.009464955883049252
4, 2, 0.013945085432509283, 0.013794216955355971, 0.009560434910412408, 0.009464955883049252
4, 3, 0.014296177574762727, 0.013794216955355971, 0.009868213781450209, 0.009464955883049252
4, 4, 0.014461009538064805, 0.013794216955355971, 0.00993711488261922, 0.009464955883049252
4, 5, 0.014035128985036855, 0.013794216955355971, 0.009665320170487808, 0.009464955883049252
4, 6, 0.01440964190894722, 0.013794216955355971, 0.009783832767294175, 0.009464955883049252
4, 7, 0.013824900866017316, 0.013794216955355971, 0.009486164418107597, 0.009464955883049252
4, 8, 0.014349103433879275, 0.013794216955355971, 0.00976536337102511, 0.009464955883049252
4, 9, 0.014618269125113518, 0.013794216955355971, 0.010099812879200464, 0.009464955883049252
5, 0, 0.01357678271922765, 0.01357678271922765, 0.009365102890455312, 0.009365102890455312
5, 1, 0.014341634475692786, 0.01357678271922765, 0.009908688393874926, 0.009365102890455312
5, 2, 0.013351901129268116, 0.013351901129268116, 0.00917023917303717, 0.00917023917303717
5, 3, 0.013874098772090095, 0.013351901129268116, 0.009555671953574978, 0.00917023917303717
5, 4, 0.015097765696542333, 0.013351901129268116, 0.010451252495320652, 0.00917023917303717
5, 5, 0.013821436886449644, 0.013351901129268116, 0.009517005635785792, 0.00917023917303717
5, 6, 0.01457719261229592, 0.013351901129268116, 0.010072061921837037, 0.00917023917303717
5, 7, 0.013574130555895755, 0.013351901129268116, 0.009353628887834527, 0.00917023917303717
5, 8, 0.01722578490341193, 0.013351901129268116, 0.011438286403922013, 0.00917023917303717
5, 9, 0.014483781294852938, 0.013351901129268116, 0.01000762852877399, 0.00917023917303717
6, 0, 0.013613071760923906, 0.013351901129268116, 0.009398525022639735, 0.00917023917303717
6, 1, 0.014006100572049538, 0.013351901129268116, 0.009679321035442785, 0.00917023917303717
6, 2, 0.012751831362266918, 0.012751831362266918, 0.008756690029181306, 0.008756690029181306
6, 3, 0.01295586956186168, 0.012751831362266918, 0.00890214744494483, 0.008756690029181306
6, 4, 0.014961270611260721, 0.012751831362266918, 0.010355556132151581, 0.008756690029181306
6, 5, 0.013338127530770965, 0.012751831362266918, 0.009178884090642624, 0.008756690029181306
6, 6, 0.014767542898853996, 0.012751831362266918, 0.01022302889873094, 0.008756690029181306
6, 7, 0.013311911208843211, 0.012751831362266918, 0.009175171511466384, 0.008756690029181306
6, 8, 0.022790069385670214, 0.012751831362266918, 0.01471904373884595, 0.008756690029181306
6, 9, 0.013897153777376168, 0.012751831362266918, 0.009577722522216947, 0.008756690029181306
7, 0, 0.013400103561338602, 0.012751831362266918, 0.009250632253534183, 0.008756690029181306
7, 1, 0.013431578265211755, 0.012751831362266918, 0.009275573434149831, 0.008756690029181306
7, 2, 0.01230982229451455, 0.01230982229451455, 0.008447056869522305, 0.008447056869522305
7, 3, 0.012177469847365422, 0.012177469847365422, 0.008338740951730131, 0.008338740951730131
7, 4, 0.014235387500651746, 0.012177469847365422, 0.009840634115112745, 0.008338740951730131
7, 5, 0.012461574407419063, 0.012177469847365422, 0.008567634438570454, 0.008338740951730131
7, 6, 0.0141776072269323, 0.012177469847365422, 0.009801947890042743, 0.008338740951730131
7, 7, 0.012800817553633534, 0.012177469847365422, 0.008820107387249304, 0.008338740951730131
7, 8, 0.023658894205446215, 0.012177469847365422, 0.015317198258473079, 0.008338740951730131
7, 9, 0.013219107375068768, 0.012177469847365422, 0.009104553371105958, 0.008338740951730131
8, 0, 0.013280905547162792, 0.012177469847365422, 0.009171598252620447, 0.008338740951730131
8, 1, 0.01287848774357353, 0.012177469847365422, 0.008890488060054418, 0.008338740951730131
8, 2, 0.01267315178078026, 0.012177469847365422, 0.008658017750092806, 0.008338740951730131
8, 3, 0.013770902200792969, 0.012177469847365422, 0.009336844084751371, 0.008338740951730131
8, 4, 0.013253766027846059, 0.012177469847365422, 0.009137923082096778, 0.008338740951730131
8, 5, 0.012014390367705168, 0.012014390367705168, 0.008249089542079448, 0.008249089542079448
8, 6, 0.012986604723975843, 0.012014390367705168, 0.0089599888848128, 0.008249089542079448
8, 7, 0.015240367208196427, 0.012014390367705168, 0.010386588104955342, 0.008249089542079448
8, 8, 0.046338323479907365, 0.012014390367705168, 0.030120654185962412, 0.008249089542079448
8, 9, 0.012249400473969708, 0.012014390367705168, 0.008418621217626708, 0.008249089542079448
9, 0, 0.012955323028929303, 0.012014390367705168, 0.008942268058214964, 0.008249089542079448
9, 1, 0.014714221769858616, 0.012014390367705168, 0.01005703477666709, 0.008249089542079448
9, 2, 0.015376229508438699, 0.012014390367705168, 0.010427922374934671, 0.008249089542079448
9, 3, 0.015021943168028776, 0.012014390367705168, 0.01000209865917206, 0.008249089542079448
9, 4, 0.011836721737585291, 0.011836721737585291, 0.008138414454793758, 0.008138414454793758
9, 5, 0.01600266997354161, 0.011836721737585291, 0.01082221902096193, 0.008138414454793758
9, 6, 0.013625426925312491, 0.011836721737585291, 0.009308254998768273, 0.008138414454793758
9, 7, 0.019373673172701878, 0.011836721737585291, 0.013085194663515508, 0.008138414454793758
9, 8, 0.0295373702038885, 0.011836721737585291, 0.019191794855164892, 0.008138414454793758
9, 9, 0.01901524763798346, 0.011836721737585291, 0.012813540697055347, 0.008138414454793758
10, 0, 0.013871428001082535, 0.011836721737585291, 0.009536470534457426, 0.008138414454793758
10, 1, 0.016495037078638405, 0.011836721737585291, 0.011196716703569668, 0.008138414454793758
10, 2, 0.013813623955291565, 0.011836721737585291, 0.00940881015321135, 0.008138414454793758
10, 3, 0.015597777748944186, 0.011836721737585291, 0.01022731675071484, 0.008138414454793758
10, 4, 0.016086526110067764, 0.011836721737585291, 0.01078155979561786, 0.008138414454793758
10, 5, 0.018429644851456185, 0.011836721737585291, 0.012318277416462938, 0.008138414454793758
10, 6, 0.02050322190028438, 0.011836721737585291, 0.013746683793615084, 0.008138414454793758
10, 7, 0.01755569637772971, 0.011836721737585291, 0.011868021473811689, 0.008138414454793758
10, 8, 0.01748330730041831, 0.011836721737585291, 0.011475293598494252, 0.008138414454793758
10, 9, 0.7260606188298522, 0.011836721737585291, 0.28346072048890903, 0.008138414454793758
11, 0, 0.7260606188298522, 0.011836721737585291, 0.28346072048890903, 0.008138414454793758
11, 1, 0.017174578539015283, 0.011836721737585291, 0.01163646620137458, 0.008138414454793758
11, 2, 0.01188693241919455, 0.011836721737585291, 0.008143323422232856, 0.008138414454793758
11, 3, 0.018132824003314063, 0.011836721737585291, 0.01184288355380348, 0.008138414454793758
11, 4, 0.01693207665538197, 0.011836721737585291, 0.011172012797899025, 0.008138414454793758
11, 5, 0.018772416721300016, 0.011836721737585291, 0.01249625201778723, 0.008138414454793758
11, 6, 0.017070941162137743, 0.011836721737585291, 0.011253117493902771, 0.008138414454793758
11, 7, 0.014636273891484784, 0.011836721737585291, 0.009916523272665269, 0.008138414454793758
11, 8, 0.01478798499189825, 0.011836721737585291, 0.009829897494186541, 0.008138414454793758
11, 9, 0.016795074905769983, 0.011836721737585291, 0.01099121970010719, 0.008138414454793758
12, 0, 0.01581839216288457, 0.011836721737585291, 0.010749906285484584, 0.008138414454793758
12, 1, 0.014457333453773789, 0.011836721737585291, 0.009853899420014299, 0.008138414454793758
12, 2, 0.012352265604048401, 0.011836721737585291, 0.008401766404960787, 0.008138414454793758
12, 3, 0.014899323161269608, 0.011836721737585291, 0.009832559645706583, 0.008138414454793758
12, 4, 0.017210533253804335, 0.011836721737585291, 0.011236763473492895, 0.008138414454793758
12, 5, 0.015545005886559712, 0.011836721737585291, 0.010291929736059026, 0.008138414454793758
12, 6, 0.015729725982944535, 0.011836721737585291, 0.01043107629472821, 0.008138414454793758
12, 7, 0.012659241549211123, 0.011836721737585291, 0.008522409416347835, 0.008138414454793758
12, 8, 0.013158834436454644, 0.011836721737585291, 0.00887893388418618, 0.008138414454793758
12, 9, 0.016386754344071504, 0.011836721737585291, 0.010712884669173124, 0.008138414454793758
13, 0, 0.016560883285138026, 0.011836721737585291, 0.01108089665491827, 0.008138414454793758
13, 1, 0.012361277015690236, 0.011836721737585291, 0.00849398828013087, 0.008138414454793758
13, 2, 0.01237650486370094, 0.011836721737585291, 0.008355759088647705, 0.008138414454793758
13, 3, 0.01277186042040002, 0.011836721737585291, 0.008609004812680664, 0.008138414454793758
13, 4, 0.01836949749547835, 0.011836721737585291, 0.011965612635416832, 0.008138414454793758
13, 5, 0.013045201707499768, 0.011836721737585291, 0.008711493945149343, 0.008138414454793758
13, 6, 0.014505636448039459, 0.011836721737585291, 0.009869987004772533, 0.008138414454793758
13, 7, 0.015044365174979837, 0.011836721737585291, 0.009902398491935856, 0.008138414454793758
13, 8, 0.012912885656445662, 0.011836721737585291, 0.008774060817015965, 0.008138414454793758
13, 9, 0.013091816085851605, 0.011836721737585291, 0.008762139145643616, 0.008138414454793758
14, 0, 0.015831310563990564, 0.011836721737585291, 0.01050304505849358, 0.008138414454793758
14, 1, 0.01213654597324804, 0.011836721737585291, 0.008347684104134164, 0.008138414454793758
14, 2, 0.013406562663169511, 0.011836721737585291, 0.008967180054283057, 0.008138414454793758
14, 3, 0.012544410176346289, 0.011836721737585291, 0.008612361347582472, 0.008138414454793758
14, 4, 0.018388566423589367, 0.011836721737585291, 0.011988129009908269, 0.008138414454793758
14, 5, 0.012770691103816657, 0.011836721737585291, 0.008552447522592174, 0.008138414454793758
14, 6, 0.012329747355048737, 0.011836721737585291, 0.008492151325600739, 0.008138414454793758
14, 7, 0.020366137887689095, 0.011836721737585291, 0.013294943159182377, 0.008138414454793758
14, 8, 0.012604392117566029, 0.011836721737585291, 0.008609135426216472, 0.008138414454793758
14, 9, 0.01242614229528664, 0.011836721737585291, 0.008502129129251928, 0.008138414454793758
15, 0, 0.01483611922548185, 0.011836721737585291, 0.009851330268749509, 0.008138414454793758
15, 1, 0.011876849124982629, 0.011836721737585291, 0.008133066641257805, 0.008138414454793758
15, 2, 0.0150801681688316, 0.011836721737585291, 0.009944072773504153, 0.008138414454793758
15, 3, 0.012660650458780362, 0.011836721737585291, 0.008717527290901545, 0.008138414454793758
15, 4, 0.015217007021514756, 0.011836721737585291, 0.010023253862469906, 0.008138414454793758
15, 5, 0.013402834429277883, 0.011836721737585291, 0.008981415646364645, 0.008138414454793758
15, 6, 0.012788641195225143, 0.011836721737585291, 0.008805086445127473, 0.008138414454793758
15, 7, 0.020174571936474508, 0.011836721737585291, 0.013161882441678352, 0.008138414454793758
15, 8, 0.012004114180407399, 0.011836721737585291, 0.008201153450256099, 0.008138414454793758
15, 9, 0.012771123811876046, 0.011836721737585291, 0.008782277924056493, 0.008138414454793758
16, 0, 0.012199430645722046, 0.011836721737585291, 0.008335457154572618, 0.008138414454793758
16, 1, 0.012457004676010486, 0.011836721737585291, 0.008388363550098083, 0.008138414454793758
16, 2, 0.014542292134636432, 0.011836721737585291, 0.009588830662581826, 0.008138414454793758
16, 3, 0.012324840579199282, 0.011836721737585291, 0.008481262387531897, 0.008138414454793758
16, 4, 0.012942823786334672, 0.011836721737585291, 0.008689506717268973, 0.008138414454793758
16, 5, 0.012935074319988436, 0.011836721737585291, 0.008730420339312114, 0.008138414454793758
16, 6, 0.012767858053271205, 0.011836721737585291, 0.008786986262471463, 0.008138414454793758
16, 7, 0.015506965812129452, 0.011836721737585291, 0.010204104123592659, 0.008138414454793758
16, 8, 0.012097355367343373, 0.011836721737585291, 0.008232215103145419, 0.008138414454793758
16, 9, 0.013244194369379018, 0.011836721737585291, 0.009131400434331095, 0.008138414454793758
17, 0, 0.012450794172368714, 0.011836721737585291, 0.008560053001886505, 0.008138414454793758
17, 1, 0.01347762119756147, 0.011836721737585291, 0.008966462529982917, 0.008138414454793758
17, 2, 0.014733540563947439, 0.011836721737585291, 0.009712597630662283, 0.008138414454793758
17, 3, 0.012124217799647449, 0.011836721737585291, 0.008319037895404769, 0.008138414454793758
17, 4, 0.012874387277170286, 0.011836721737585291, 0.008762731572972032, 0.008138414454793758
17, 5, 0.0128434517997147, 0.011836721737585291, 0.008795576699747083, 0.008138414454793758
17, 6, 0.012746357495200991, 0.011836721737585291, 0.008759627274490749, 0.008138414454793758
17, 7, 0.012513421216238515, 0.011836721737585291, 0.008445448741999484, 0.008138414454793758
17, 8, 0.012184644733973762, 0.011836721737585291, 0.008228600667812114, 0.008138414454793758
17, 9, 0.01354881382151344, 0.011836721737585291, 0.009346198963698168, 0.008138414454793758
18, 0, 0.012767737722716624, 0.011836721737585291, 0.008785921179318168, 0.008138414454793758
18, 1, 0.013448835405560586, 0.011836721737585291, 0.008976557226645377, 0.008138414454793758
18, 2, 0.013288919523926765, 0.011836721737585291, 0.008859437874955895, 0.008138414454793758
18, 3, 0.012231604044612241, 0.011836721737585291, 0.008348693618323756, 0.008138414454793758
18, 4, 0.012872119983211772, 0.011836721737585291, 0.008837511141231219, 0.008138414454793758
18, 5, 0.012752104543361313, 0.011836721737585291, 0.008765095609614321, 0.008138414454793758
18, 6, 0.012828575488235612, 0.011836721737585291, 0.008810104136824632, 0.008138414454793758
18, 7, 0.012368905807760332, 0.011836721737585291, 0.008492820536249215, 0.008138414454793758
18, 8, 0.012391722138890188, 0.011836721737585291, 0.00839524941246401, 0.008138414454793758
18, 9, 0.013106396012310187, 0.011836721737585291, 0.00902993854656385, 0.008138414454793758
19, 0, 0.012894251273531446, 0.011836721737585291, 0.008866131186363724, 0.008138414454793758
19, 1, 0.012754841067439982, 0.011836721737585291, 0.008683673579335027, 0.008138414454793758
19, 2, 0.01309923471222108, 0.011836721737585291, 0.00883355823064867, 0.008138414454793758
19, 3, 0.012694361581390961, 0.011836721737585291, 0.008593422940028237, 0.008138414454793758
19, 4, 0.013053396230284673, 0.011836721737585291, 0.008986957127200471, 0.008138414454793758
19, 5, 0.012726248339453013, 0.011836721737585291, 0.008759510871789276, 0.008138414454793758
19, 6, 0.01256031142370133, 0.011836721737585291, 0.008637496802266229, 0.008138414454793758
19, 7, 0.013097888237083246, 0.011836721737585291, 0.009021295269648266, 0.008138414454793758
19, 8, 0.012542819994361035, 0.011836721737585291, 0.008589534803989279, 0.008138414454793758
19, 9, 0.01250396724915949, 0.011836721737585291, 0.008574109771061817, 0.008138414454793758
20, 0, 0.012828186002681879, 0.011836721737585291, 0.008785890038430947, 0.008138414454793758
20, 1, 0.012571036624451307, 0.011836721737585291, 0.008639924163647911, 0.008138414454793758
20, 2, 0.012837664700809109, 0.011836721737585291, 0.008810001759102765, 0.008138414454793758
20, 3, 0.013537268783853267, 0.011836721737585291, 0.009060450420753164, 0.008138414454793758
20, 4, 0.012724371001163345, 0.011836721737585291, 0.008772426277903297, 0.008138414454793758
20, 5, 0.012654434041621417, 0.011836721737585291, 0.008713656616818463, 0.008138414454793758
20, 6, 0.012685448945337295, 0.011836721737585291, 0.008728339203624853, 0.008138414454793758
20, 7, 0.013552978565970958, 0.011836721737585291, 0.009352601292706543, 0.008138414454793758
20, 8, 0.012577837621066476, 0.011836721737585291, 0.008650492902613641, 0.008138414454793758
20, 9, 0.012390172958216575, 0.011836721737585291, 0.008447012929920554, 0.008138414454793758
21, 0, 0.012724579534158361, 0.011836721737585291, 0.008660885724795247, 0.008138414454793758
21, 1, 0.012507036001241282, 0.011836721737585291, 0.008616840991319328, 0.008138414454793758
21, 2, 0.012885838056627425, 0.011836721737585291, 0.008876991000574016, 0.008138414454793758
21, 3, 0.012870300678649206, 0.011836721737585291, 0.008757816464253729, 0.008138414454793758
21, 4, 0.01573646514848047, 0.011836721737585291, 0.010735304155888645, 0.008138414454793758
21, 5, 0.012578446585111765, 0.011836721737585291, 0.008655075901294313, 0.008138414454793758
21, 6, 0.016712907397468967, 0.011836721737585291, 0.011374301607382136, 0.008138414454793758
21, 7, 0.0132384735960926, 0.011836721737585291, 0.009139050281346157, 0.008138414454793758
21, 8, 0.012699896402818028, 0.011836721737585291, 0.008753060880760657, 0.008138414454793758
21, 9, 0.014215728250593555, 0.011836721737585291, 0.009672471994251834, 0.008138414454793758
22, 0, 0.012384269151223688, 0.011836721737585291, 0.008456525752793388, 0.008138414454793758
22, 1, 0.013817156579049042, 0.011836721737585291, 0.009490448717350745, 0.008138414454793758
22, 2, 0.016176415491225938, 0.011836721737585291, 0.011063543153552853, 0.008138414454793758
22, 3, 0.012508007075673842, 0.011836721737585291, 0.008597478429643998, 0.008138414454793758
22, 4, 0.021009426578266932, 0.011836721737585291, 0.01418429410690812, 0.008138414454793758
22, 5, 0.013471041505699484, 0.011836721737585291, 0.009214657544637598, 0.008138414454793758
22, 6, 0.018212496393671018, 0.011836721737585291, 0.012356226917919011, 0.008138414454793758
22, 7, 0.012754445934690023, 0.011836721737585291, 0.00879929143463747, 0.008138414454793758
22, 8, 0.015274080975016688, 0.011836721737585291, 0.010454831440633071, 0.008138414454793758
22, 9, 0.7246256571304087, 0.011836721737585291, 0.26248483140319637, 0.008138414454793758
23, 0, 0.725551158214769, 0.011836721737585291, 0.283107610367753, 0.008138414454793758
23, 1, 0.020392968916879792, 0.011836721737585291, 0.013788096445417017, 0.008138414454793758
23, 2, 0.021516008212638205, 0.011836721737585291, 0.014543347358784271, 0.008138414454793758
23, 3, 0.019370791518816294, 0.011836721737585291, 0.013129407263450304, 0.008138414454793758
23, 4, 0.02058238509015311, 0.011836721737585291, 0.013875702992212885, 0.008138414454793758
23, 5, 0.01483161698822788, 0.011836721737585291, 0.010079645985013935, 0.008138414454793758
23, 6, 0.018351455302388676, 0.011836721737585291, 0.012432949959434897, 0.008138414454793758
23, 7, 0.01706723728121422, 0.011836721737585291, 0.0115823293178759, 0.008138414454793758
23, 8, 0.020426659186529902, 0.011836721737585291, 0.013846793941068304, 0.008138414454793758
23, 9, 0.7245422285610615, 0.011836721737585291, 0.2724294127474591, 0.008138414454793758
24, 0, 0.7253764929102705, 0.011836721737585291, 0.28299613796707774, 0.008138414454793758
24, 1, 0.020260562701795604, 0.011836721737585291, 0.013652706403010242, 0.008138414454793758
24, 2, 0.020260562701795604, 0.011836721737585291, 0.013652706403010242, 0.008138414454793758
24, 3, 0.7236943763316148, 0.011836721737585291, 0.281866866521428, 0.008138414454793758
24, 4, 0.01570171706891626, 0.011836721737585291, 0.010614253050679345, 0.008138414454793758
24, 5, 0.01570171706891626, 0.011836721737585291, 0.010614253050679345, 0.008138414454793758
24, 6, 0.015721248000994736, 0.011836721737585291, 0.010675597947948765, 0.008138414454793758
24, 7, 0.018810630345882536, 0.011836721737585291, 0.012650269849932214, 0.008138414454793758
24, 8, 0.020222139538303006, 0.011836721737585291, 0.013683584622493044, 0.008138414454793758
24, 9, 0.018226720873253385, 0.011836721737585291, 0.012356166122570426, 0.008138414454793758
25, 0, 0.020585731549052983, 0.011836721737585291, 0.013831451043886868, 0.008138414454793758
25, 1, 0.015517866973046735, 0.011836721737585291, 0.010322498367107243, 0.008138414454793758
25, 2, 0.723403290513532, 0.011836721737585291, 0.2817297869943016, 0.008138414454793758
25, 3, 0.02100167826453987, 0.011836721737585291, 0.014163383224329251, 0.008138414454793758
25, 4, 0.012759596547337377, 0.011836721737585291, 0.00864079819388132, 0.008138414454793758
25, 5, 0.014323651255712692, 0.011836721737585291, 0.009481309595554243, 0.008138414454793758
25, 6, 0.01234954362612178, 0.011836721737585291, 0.008407013725972435, 0.008138414454793758
25, 7, 0.015294370811460177, 0.011836721737585291, 0.010042179604901818, 0.008138414454793758
25, 8, 0.016049563826180398, 0.011836721737585291, 0.01088630320798497, 0.008138414454793758
25, 9, 0.012441329527176845, 0.011836721737585291, 0.008571960505415708, 0.008138414454793758
26, 0, 0.018537774889106424, 0.011836721737585291, 0.012470261641654134, 0.008138414454793758
26, 1, 0.016091377726276238, 0.011836721737585291, 0.010531955844609113, 0.008138414454793758
26, 2, 0.017786828361330352, 0.011836721737585291, 0.01159498433118999, 0.008138414454793758
26, 3, 0.016084044605601065, 0.011836721737585291, 0.010885473519756472, 0.008138414454793758
26, 4, 0.011924447256493184, 0.011836721737585291, 0.008141680179532507, 0.008138414454793758
26, 5, 0.015727541843750893, 0.011836721737585291, 0.010325363692748737, 0.008138414454793758
26, 6, 0.012849283075953009, 0.011836721737585291, 0.00863496541708346, 0.008138414454793758
26, 7, 0.021763115868644375, 0.011836721737585291, 0.014213989955413363, 0.008138414454793758
26, 8, 0.013068686621348177, 0.011836721737585291, 0.008756074319504066, 0.008138414454793758
26, 9, 0.012873823339446408, 0.011836721737585291, 0.008860437294773333, 0.008138414454793758
27, 0, 0.012668857287328356, 0.011836721737585291, 0.00862841423645662, 0.008138414454793758
27, 1, 0.01614729740002454, 0.011836721737585291, 0.01059258151250096, 0.008138414454793758
27, 2, 0.021588001143445303, 0.011836721737585291, 0.014054172757061875, 0.008138414454793758
27, 3, 0.012366333868782572, 0.011836721737585291, 0.008432343608465917, 0.008138414454793758
27, 4, 0.012221246064136663, 0.011836721737585291, 0.00836181294661501, 0.008138414454793758
27, 5, 0.015319540798909658, 0.011836721737585291, 0.010089284853884788, 0.008138414454793758
27, 6, 0.012700063395016442, 0.011836721737585291, 0.008593815009269591, 0.008138414454793758
27, 7, 0.015727729360936128, 0.011836721737585291, 0.010364146757346265, 0.008138414454793758
27, 8, 0.02095068720461489, 0.011836721737585291, 0.013647992503814571, 0.008138414454793758
27, 9, 0.012787455513200341, 0.011836721737585291, 0.008785820479150339, 0.008138414454793758
28, 0, 0.012309387811329892, 0.011836721737585291, 0.008416411391404156, 0.008138414454793758
28, 1, 0.013585236589310807, 0.011836721737585291, 0.009063543995579158, 0.008138414454793758
28, 2, 0.01765629542219146, 0.011836721737585291, 0.011566656547593791, 0.008138414454793758
28, 3, 0.012127191845733312, 0.011836721737585291, 0.00829959888247602, 0.008138414454793758
28, 4, 0.012503417605922952, 0.011836721737585291, 0.008572413272527519, 0.008138414454793758
28, 5, 0.012705897513272207, 0.011836721737585291, 0.008568231519996356, 0.008138414454793758
28, 6, 0.012471620461186527, 0.011836721737585291, 0.008555247162076457, 0.008138414454793758
28, 7, 0.012808886517898365, 0.011836721737585291, 0.008732574852348246, 0.008138414454793758
28, 8, 0.03812865570554447, 0.011836721737585291, 0.024989228623465393, 0.008138414454793758
28, 9, 0.013158775064407631, 0.011836721737585291, 0.008882575285294004, 0.008138414454793758
29, 0, 0.012834272167126598, 0.011836721737585291, 0.008770682911533158, 0.008138414454793758
29, 1, 0.01268120210340987, 0.011836721737585291, 0.008612263244383127, 0.008138414454793758
29, 2, 0.014019221252814702, 0.011836721737585291, 0.009371014824098104, 0.008138414454793758
29, 3, 0.01261708954156142, 0.011836721737585291, 0.008663103233737384, 0.008138414454793758
29, 4, 0.012603257473023332, 0.011836721737585291, 0.008653400961099835, 0.008138414454793758
29, 5, 0.012336728554898736, 0.011836721737585291, 0.00848068533458381, 0.008138414454793758
29, 6, 0.01291384226627152, 0.011836721737585291, 0.008889793031997236, 0.008138414454793758
29, 7, 0.013216432688850576, 0.011836721737585291, 0.00911227880141926, 0.008138414454793758
29, 8, 0.023253963142287223, 0.011836721737585291, 0.015172597307421301, 0.008138414454793758
29, 9, 0.013020689659310516, 0.011836721737585291, 0.008746724899026163, 0.008138414454793758
30, 0, 0.0126694023887371, 0.011836721737585291, 0.008682243111685823, 0.008138414454793758
30, 1, 0.012568448195649626, 0.011836721737585291, 0.00862913789582983, 0.008138414454793758
30, 2, 0.013138012003822483, 0.011836721737585291, 0.009018230526913027, 0.008138414454793758
30, 3, 0.013207964854330536, 0.011836721737585291, 0.009089729761645716, 0.008138414454793758
30, 4, 0.01263311009445319, 0.011836721737585291, 0.008677855087127736, 0.008138414454793758
30, 5, 0.01296485144212423, 0.011836721737585291, 0.0089367689044097, 0.008138414454793758
30, 6, 0.013121579735363242, 0.011836721737585291, 0.009046604149533606, 0.008138414454793758
30, 7, 0.013646503961105899, 0.011836721737585291, 0.009430501199019075, 0.008138414454793758
30, 8, 0.01256395379980747, 0.011836721737585291, 0.008586861558517697, 0.008138414454793758
30, 9, 0.012287685948801013, 0.011836721737585291, 0.008392518917118409, 0.008138414454793758
31, 0, 0.01233814649472303, 0.011836721737585291, 0.008464764877435246, 0.008138414454793758
31, 1, 0.01298048913916704, 0.011836721737585291, 0.008932186565529807, 0.008138414454793758
31, 2, 0.01326031255886997, 0.011836721737585291, 0.009146622911870178, 0.008138414454793758
31, 3, 0.013100191971569934, 0.011836721737585291, 0.009016000887094701, 0.008138414454793758
31, 4, 0.012437181386979083, 0.011836721737585291, 0.00854499822221229, 0.008138414454793758
31, 5, 0.012992607224404634, 0.011836721737585291, 0.008965336862870389, 0.008138414454793758
31, 6, 0.0128977584836445, 0.011836721737585291, 0.00889685060319892, 0.008138414454793758
31, 7, 0.013848204560346727, 0.011836721737585291, 0.009574923002164152, 0.008138414454793758
31, 8, 0.0129535949960708, 0.011836721737585291, 0.008919649307364377, 0.008138414454793758
31, 9, 0.01312607378269293, 0.011836721737585291, 0.008985319048217187, 0.008138414454793758
32, 0, 0.013117481131488362, 0.011836721737585291, 0.008972850706340085, 0.008138414454793758
32, 1, 0.012703103735817829, 0.011836721737585291, 0.008744776763311616, 0.008138414454793758
32, 2, 0.013293442047904835, 0.011836721737585291, 0.009185350116070868, 0.008138414454793758
32, 3, 0.012661912117442902, 0.011836721737585291, 0.008708326475442603, 0.008138414454793758
32, 4, 0.012184885675283851, 0.011836721737585291, 0.008372360953967865, 0.008138414454793758
32, 5, 0.012380996623123414, 0.011836721737585291, 0.008534622119476786, 0.008138414454793758
32, 6, 0.012464816979974735, 0.011836721737585291, 0.008596797949804594, 0.008138414454793758
32, 7, 0.013137664494616575, 0.011836721737585291, 0.009069320420189195, 0.008138414454793758
32, 8, 0.013138043681125295, 0.011836721737585291, 0.009059134207898594, 0.008138414454793758
32, 9, 0.021477148852993053, 0.011836721737585291, 0.01450549611432385, 0.008138414454793758
33, 0, 0.018343339871025238, 0.011836721737585291, 0.012402009993552386, 0.008138414454793758
33, 1, 0.012406653865993692, 0.011836721737585291, 0.008538980603104226, 0.008138414454793758
33, 2, 0.7210993472976076, 0.011836721737585291, 0.280134705275672, 0.008138414454793758
33, 3, 0.012180864030895189, 0.011836721737585291, 0.00836580213183171, 0.008138414454793758
33, 4, 0.012373509142590867, 0.011836721737585291, 0.008498754084598168, 0.008138414454793758
33, 5, 0.012239702914677145, 0.011836721737585291, 0.008390906390048953, 0.008138414454793758
33, 6, 0.015650221075096823, 0.011836721737585291, 0.010666498826042203, 0.008138414454793758
33, 7, 0.016073285132719432, 0.011836721737585291, 0.01094564184713697, 0.008138414454793758
33, 8, 0.016504078633762923, 0.011836721737585291, 0.011261023005917921, 0.008138414454793758
33, 9, 0.021590919666215465, 0.011836721737585291, 0.014588921773445127, 0.008138414454793758
34, 0, 0.016199990581840237, 0.011836721737585291, 0.0109799097490132, 0.008138414454793758
34, 1, 0.014491378783105632, 0.011836721737585291, 0.009860576156317363, 0.008138414454793758
34, 2, 0.7215303527617181, 0.011836721737585291, 0.2804720220478335, 0.008138414454793758
34, 3, 0.01697569010531052, 0.011836721737585291, 0.01148946275946035, 0.008138414454793758
34, 4, 0.01425181327407747, 0.011836721737585291, 0.009718954941198177, 0.008138414454793758
34, 5, 0.013565318928540654, 0.011836721737585291, 0.009151391183180846, 0.008138414454793758
34, 6, 0.0207100671356163, 0.011836721737585291, 0.013984224894384646, 0.008138414454793758
34, 7, 0.014416255150260422, 0.011836721737585291, 0.00978729587801801, 0.008138414454793758
34, 8, 0.019574162795419296, 0.011836721737585291, 0.013249113363597215, 0.008138414454793758
34, 9, 0.014775571911039134, 0.011836721737585291, 0.010093649461647128, 0.008138414454793758
35, 0, 0.014297738697678414, 0.011836721737585291, 0.009711684207184799, 0.008138414454793758
35, 1, 0.018221666954909815, 0.011836721737585291, 0.012269583821937095, 0.008138414454793758
35, 2, 0.7232480061355634, 0.011836721737585291, 0.28163398421146714, 0.008138414454793758
35, 3, 0.02056816273541835, 0.011836721737585291, 0.01383999313240678, 0.008138414454793758
35, 4, 0.01678254416755487, 0.011836721737585291, 0.011373895231000186, 0.008138414454793758
35, 5, 0.014904024980073398, 0.011836721737585291, 0.009890264933979263, 0.008138414454793758
35, 6, 0.020775859011656704, 0.011836721737585291, 0.014001611883711037, 0.008138414454793758
35, 7, 0.014116163631363213, 0.011836721737585291, 0.009339968336691424, 0.008138414454793758
35, 8, 0.01878071018674561, 0.011836721737585291, 0.012687233767164496, 0.008138414454793758
35, 9, 0.012367929205332296, 0.011836721737585291, 0.008506919851848874, 0.008138414454793758
36, 0, 0.013505090053372318, 0.011836721737585291, 0.00917576540116422, 0.008138414454793758
36, 1, 0.01903571738859365, 0.011836721737585291, 0.012721221523880047, 0.008138414454793758
36, 2, 0.7249621533294934, 0.011836721737585291, 0.28275686781598276, 0.008138414454793758
36, 3, 0.7250391339525535, 0.011836721737585291, 0.2827736437971865, 0.008138414454793758
36, 4, 0.017151365469929843, 0.011836721737585291, 0.011615641795708455, 0.008138414454793758
36, 5, 0.013898836751047207, 0.011836721737585291, 0.00930649974616955, 0.008138414454793758
36, 6, 0.01391060838900008, 0.011836721737585291, 0.00946492222855108, 0.008138414454793758
36, 7, 0.017156973259498803, 0.011836721737585291, 0.011235919352187875, 0.008138414454793758
36, 8, 0.016861456254009963, 0.011836721737585291, 0.011356962992628365, 0.008138414454793758
36, 9, 0.01223333745348965, 0.011836721737585291, 0.008398154041773328, 0.008138414454793758
37, 0, 0.012966774262653588, 0.011836721737585291, 0.008814343747488301, 0.008138414454793758
37, 1, 0.019378135531777422, 0.011836721737585291, 0.012969814273476819, 0.008138414454793758
37, 2, 0.021090483794925265, 0.011836721737585291, 0.014044709512603072, 0.008138414454793758
37, 3, 0.02069337586108697, 0.011836721737585291, 0.013937816630519774, 0.008138414454793758
37, 4, 0.016821463937126937, 0.011836721737585291, 0.011404044365172249, 0.008138414454793758
37, 5, 0.012678240312051002, 0.011836721737585291, 0.008656671050183341, 0.008138414454793758
37, 6, 0.012160765314776473, 0.011836721737585291, 0.008306453968587577, 0.008138414454793758
37, 7, 0.014038665008347925, 0.011836721737585291, 0.009319723812548112, 0.008138414454793758
37, 8, 0.01371935876891403, 0.011836721737585291, 0.009088987794064172, 0.008138414454793758
37, 9, 0.012247777262167038, 0.011836721737585291, 0.008388063475793553, 0.008138414454793758
38, 0, 0.012529482569726172, 0.011836721737585291, 0.008534108003978061, 0.008138414454793758
38, 1, 0.019584991348083836, 0.011836721737585291, 0.013162778534767392, 0.008138414454793758
38, 2, 0.014966141760818017, 0.011836721737585291, 0.00999160003589687, 0.008138414454793758
38, 3, 0.012192417518944147, 0.011836721737585291, 0.008350966939213096, 0.008138414454793758
38, 4, 0.014228345892105351, 0.011836721737585291, 0.009710311673810652, 0.008138414454793758
38, 5, 0.012255851726907295, 0.011836721737585291, 0.008438052042653217, 0.008138414454793758
38, 6, 0.012732157113070755, 0.011836721737585291, 0.008643013386539286, 0.008138414454793758
38, 7, 0.01245273248764916, 0.011836721737585291, 0.008484156184596947, 0.008138414454793758
38, 8, 0.019087002586797106, 0.011836721737585291, 0.0124466232912696, 0.008138414454793758
38, 9, 0.012462731602094036, 0.011836721737585291, 0.008524448206115502, 0.008138414454793758
39, 0, 0.012486175040749104, 0.011836721737585291, 0.008531581607002807, 0.008138414454793758
39, 1, 0.012889531960719252, 0.011836721737585291, 0.0088032262046251, 0.008138414454793758
39, 2, 0.013102046195039034, 0.011836721737585291, 0.008780697765135667, 0.008138414454793758
39, 3, 0.012396647906295593, 0.011836721737585291, 0.008505375152216018, 0.008138414454793758
39, 4, 0.012396647906295593, 0.011836721737585291, 0.008505375152216018, 0.008138414454793758
39, 5, 0.012774463012747386, 0.011836721737585291, 0.008812413050491666, 0.008138414454793758
39, 6, 0.012870602448771981, 0.011836721737585291, 0.008747727699705188, 0.008138414454793758
39, 7, 0.012523153823449687, 0.011836721737585291, 0.008612731277072497, 0.008138414454793758
39, 8, 0.017250187213188464, 0.011836721737585291, 0.011294561080691377, 0.008138414454793758
39, 9, 0.012462120131408775, 0.011836721737585291, 0.008517324698339252, 0.008138414454793758
40, 0, 0.012884853900163029, 0.011836721737585291, 0.0088135333989977, 0.008138414454793758
40, 1, 0.01240378029313858, 0.011836721737585291, 0.008519260164248943, 0.008138414454793758
40, 2, 0.013305661597332548, 0.011836721737585291, 0.008948837665161103, 0.008138414454793758
40, 3, 0.012750026012279498, 0.011836721737585291, 0.008756548849550622, 0.008138414454793758
40, 4, 0.01229318974714067, 0.011836721737585291, 0.008452883243431753, 0.008138414454793758
40, 5, 0.012866740987782465, 0.011836721737585291, 0.008879122574216412, 0.008138414454793758
40, 6, 0.012536048838283796, 0.011836721737585291, 0.008576127503452546, 0.008138414454793758
40, 7, 0.013082856188556874, 0.011836721737585291, 0.009016106777304324, 0.008138414454793758
40, 8, 0.013406814709630852, 0.011836721737585291, 0.008945255355291898, 0.008138414454793758
40, 9, 0.012247547922695437, 0.011836721737585291, 0.008372235305113947, 0.008138414454793758
41, 0, 0.01221890220926266, 0.011836721737585291, 0.008384013962497426, 0.008138414454793758
41, 1, 0.012851783473981646, 0.011836721737585291, 0.008842861880686663, 0.008138414454793758
41, 2, 0.013095127572342899, 0.011836721737585291, 0.008951504317143318, 0.008138414454793758
41, 3, 0.012586847062403837, 0.011836721737585291, 0.008636786320600087, 0.008138414454793758
41, 4, 0.01238388720535401, 0.011836721737585291, 0.008509272352073325, 0.008138414454793758
41, 5, 0.012859165106927424, 0.011836721737585291, 0.008867268844597145, 0.008138414454793758
41, 6, 0.01225837683960708, 0.011836721737585291, 0.008417766777534093, 0.008138414454793758
41, 7, 0.013134001348879026, 0.011836721737585291, 0.009059842813223397, 0.008138414454793758
41, 8, 0.01264309338174904, 0.011836721737585291, 0.008649033135269076, 0.008138414454793758
41, 9, 0.012021280257617409, 0.011836721737585291, 0.008243944497184309, 0.008138414454793758
42, 0, 0.01219751775495311, 0.011836721737585291, 0.008368660321345072, 0.008138414454793758
42, 1, 0.012867808209969436, 0.011836721737585291, 0.008865721175165531, 0.008138414454793758
42, 2, 0.013023593666034143, 0.011836721737585291, 0.008966045184165808, 0.008138414454793758
42, 3, 0.01278639388203219, 0.011836721737585291, 0.008736965343273903, 0.008138414454793758
42, 4, 0.012444942355714236, 0.011836721737585291, 0.00854800171486737, 0.008138414454793758
42, 5, 0.012668449468875275, 0.011836721737585291, 0.008708302649049624, 0.008138414454793758
42, 6, 0.012357388489505348, 0.011836721737585291, 0.008503328403166659, 0.008138414454793758
42, 7, 0.013103697521726266, 0.011836721737585291, 0.009035604673314697, 0.008138414454793758
42, 8, 0.01274109018617448, 0.011836721737585291, 0.008759830471960146, 0.008138414454793758
42, 9, 0.012081376394162156, 0.011836721737585291, 0.008300744304426356, 0.008138414454793758
43, 0, 0.01222873628980654, 0.011836721737585291, 0.008386093913099992, 0.008138414454793758
43, 1, 0.012955663025951044, 0.011836721737585291, 0.008928243365621294, 0.008138414454793758
43, 2, 0.012392396039564315, 0.011836721737585291, 0.008539063219511872, 0.008138414454793758
43, 3, 0.01231323321999571, 0.011836721737585291, 0.008428686019724307, 0.008138414454793758
43, 4, 0.012313713013796055, 0.011836721737585291, 0.008459229059626074, 0.008138414454793758
43, 5, 0.012313713013796055, 0.011836721737585291, 0.008459229059626074, 0.008138414454793758
43, 6, 0.013256744784124655, 0.011836721737585291, 0.009089835588698619, 0.008138414454793758
43, 7, 0.01254319424255121, 0.011836721737585291, 0.008631958555681852, 0.008138414454793758
43, 8, 0.012738910409215612, 0.011836721737585291, 0.008779606982614664, 0.008138414454793758
43, 9, 0.011935073749202559, 0.011836721737585291, 0.008203615905852916, 0.008138414454793758
44, 0, 0.012516870932007545, 0.011836721737585291, 0.00858128817098939, 0.008138414454793758
44, 1, 0.012226641864497042, 0.011836721737585291, 0.00841734642986137, 0.008138414454793758
44, 2, 0.7246444521729924, 0.011836721737585291, 0.28249754074364554, 0.008138414454793758
44, 3, 0.01222438724391802, 0.011836721737585291, 0.008379680701843452, 0.008138414454793758
44, 4, 0.012018871979173047, 0.011836721737585291, 0.00826659403338148, 0.008138414454793758
44, 5, 0.012317234248294031, 0.011836721737585291, 0.008373862983033066, 0.008138414454793758
44, 6, 0.014372610663933813, 0.011836721737585291, 0.009803333421165402, 0.008138414454793758
44, 7, 0.012194211348684888, 0.011836721737585291, 0.008348690920086832, 0.008138414454793758
44, 8, 0.012662376547658507, 0.011836721737585291, 0.008713020825638004, 0.008138414454793758
44, 9, 0.012345338927536595, 0.011836721737585291, 0.00848541925069654, 0.008138414454793758
45, 0, 0.012544682510349974, 0.011836721737585291, 0.008603022917100692, 0.008138414454793758
45, 1, 0.012567357428038693, 0.011836721737585291, 0.008615812538731586, 0.008138414454793758
45, 2, 0.7213381997971077, 0.011836721737585291, 0.28038964223386044, 0.008138414454793758
45, 3, 0.01849540524634819, 0.011836721737585291, 0.01249898977854126, 0.008138414454793758
45, 4, 0.012275060290398042, 0.011836721737585291, 0.00842988627445371, 0.008138414454793758
45, 5, 0.01277731386155262, 0.011836721737585291, 0.008658672730976246, 0.008138414454793758
45, 6, 0.013249216053929081, 0.011836721737585291, 0.009048221986464369, 0.008138414454793758
45, 7, 0.012449306966266624, 0.011836721737585291, 0.008402207306957126, 0.008138414454793758
45, 8, 0.013960180549587944, 0.011836721737585291, 0.009521820600536026, 0.008138414454793758
45, 9, 0.012400196584994104, 0.011836721737585291, 0.008522208387688893, 0.008138414454793758
46, 0, 0.012238682137390555, 0.011836721737585291, 0.008412815049750404, 0.008138414454793758
46, 1, 0.014052879916655938, 0.011836721737585291, 0.00954919335588244, 0.008138414454793758
46, 2, 0.7263024935496997, 0.011836721737585291, 0.28361059469730844, 0.008138414454793758
46, 3, 0.7247804124700719, 0.011836721737585291, 0.2825888450587353, 0.008138414454793758
46, 4, 0.013353164727169027, 0.011836721737585291, 0.009131794688358901, 0.008138414454793758
46, 5, 0.01528556985936426, 0.011836721737585291, 0.010340493276342242, 0.008138414454793758
46, 6, 0.012112862062189785, 0.011836721737585291, 0.008266601890710793, 0.008138414454793758
46, 7, 0.013059713111937914, 0.011836721737585291, 0.008729095954879194, 0.008138414454793758
46, 8, 0.015495402536091435, 0.011836721737585291, 0.010476927651572739, 0.008138414454793758
46, 9, 0.012392302069164661, 0.011836721737585291, 0.008512228178421411, 0.008138414454793758
47, 0, 0.013813062667115242, 0.011836721737585291, 0.00945059513099688, 0.008138414454793758
47, 1, 0.013855067310370115, 0.011836721737585291, 0.009315634380992659, 0.008138414454793758
47, 2, 0.014524818884156873, 0.011836721737585291, 0.009738188497524896, 0.008138414454793758
47, 3, 0.7248631907729706, 0.011836721737585291, 0.28264627859802606, 0.008138414454793758
47, 4, 0.01418577783119019, 0.011836721737585291, 0.009677061473794022, 0.008138414454793758
47, 5, 0.016775617773421785, 0.011836721737585291, 0.011348359700538671, 0.008138414454793758
47, 6, 0.012712232695589404, 0.011836721737585291, 0.008554432503067548, 0.008138414454793758
47, 7, 0.012991376662382169, 0.011836721737585291, 0.008693759333739325, 0.008138414454793758
47, 8, 0.01385319892794978, 0.011836721737585291, 0.009220550344561977, 0.008138414454793758
47, 9, 0.012810167992740876, 0.011836721737585291, 0.008779585948401019, 0.008138414454793758
48, 0, 0.012810167992740876, 0.011836721737585291, 0.008779585948401019, 0.008138414454793758
48, 1, 0.012985076019748434, 0.011836721737585291, 0.00871670598474256, 0.008138414454793758
48, 2, 0.012447910887363762, 0.011836721737585291, 0.008343390110796366, 0.008138414454793758
48, 3, 0.01522317628024147, 0.011836721737585291, 0.010363553746899184, 0.008138414454793758
48, 4, 0.01492374331518894, 0.011836721737585291, 0.010164338908685698, 0.008138414454793758
48, 5, 0.014725698322354942, 0.011836721737585291, 0.010026427668160687, 0.008138414454793758
48, 6, 0.01277069987190459, 0.011836721737585291, 0.008580288402660303, 0.008138414454793758
48, 7, 0.012677250211865073, 0.011836721737585291, 0.008535766579921495, 0.008138414454793758
48, 8, 0.014148072955723272, 0.011836721737585291, 0.009342120443339022, 0.008138414454793758
48, 9, 0.012858807215922767, 0.011836721737585291, 0.008811239938330951, 0.008138414454793758
49, 0, 0.018752571260055664, 0.011836721737585291, 0.012686332584876158, 0.008138414454793758
49, 1, 0.012555800348879261, 0.011836721737585291, 0.008470318496886719, 0.008138414454793758
49, 2, 0.012821864560796927, 0.011836721737585291, 0.008605107086192868, 0.008138414454793758
49, 3, 0.012218323258070226, 0.011836721737585291, 0.008388885343067766, 0.008138414454793758
49, 4, 0.014233377137229539, 0.011836721737585291, 0.009713818691018837, 0.008138414454793758
49, 5, 0.01294431836300321, 0.011836721737585291, 0.008883105969688115, 0.008138414454793758
49, 6, 0.012666668597530694, 0.011836721737585291, 0.008539865319429804, 0.008138414454793758
49, 7, 0.011951085731778903, 0.011836721737585291, 0.00813641450735376, 0.008138414454793758
49, 8, 0.016791638512183238, 0.011836721737585291, 0.010990510057511676, 0.008138414454793758
49, 9, 0.012790536592804358, 0.011836721737585291, 0.008763605002639006, 0.008138414454793758
50, 0, 0.017176728577222532, 0.011836721737585291, 0.011638817344618614, 0.008138414454793758
50, 1, 0.012153686075316148, 0.011836721737585291, 0.008313328918952378, 0.008138414454793758
50, 2, 0.01272364714480654, 0.011836721737585291, 0.008649228877665916, 0.008138414454793758
50, 3, 0.012295464212871162, 0.011836721737585291, 0.008435830599687647, 0.008138414454793758
50, 4, 0.012906335390443942, 0.011836721737585291, 0.008846391297786043, 0.008138414454793758
50, 5, 0.0123665259939607, 0.011836721737585291, 0.008521677524345688, 0.008138414454793758
50, 6, 0.012047663427845226, 0.011836721737585291, 0.00823295658706648, 0.008138414454793758
50, 7, 0.01179789914952106, 0.01179789914952106, 0.008082570380985117, 0.008082570380985117
50, 8, 0.013528876439760513, 0.01179789914952106, 0.009017105044481376, 0.008082570380985117
50, 9, 0.012755070299002181, 0.01179789914952106, 0.00874584658970384, 0.008082570380985117
51, 0, 0.012927402432055528, 0.01179789914952106, 0.008838195501940259, 0.008082570380985117
51, 1, 0.012080417825198935, 0.01179789914952106, 0.008301483066154271, 0.008082570380985117
51, 2, 0.012309859368287825, 0.01179789914952106, 0.008460758479934728, 0.008082570380985117
51, 3, 0.012638018731007013, 0.01179789914952106, 0.008645208264314481, 0.008082570380985117
51, 4, 0.01205860210855891, 0.01179789914952106, 0.008289719327336242, 0.008082570380985117
51, 5, 0.01248278410435457, 0.01179789914952106, 0.008589784981011166, 0.008082570380985117
51, 6, 0.012353971107070181, 0.01179789914952106, 0.008457821586688572, 0.008082570380985117
51, 7, 0.012072948984868576, 0.01179789914952106, 0.008289281468385578, 0.008082570380985117
51, 8, 0.012245511359573857, 0.01179789914952106, 0.008374459858237536, 0.008082570380985117
51, 9, 0.012165051970610775, 0.01179789914952106, 0.008357061432599452, 0.008082570380985117
52, 0, 0.011909356571562207, 0.01179789914952106, 0.008172531849982246, 0.008082570380985117
52, 1, 0.01216487534648621, 0.01179789914952106, 0.008370282640083292, 0.008082570380985117
52, 2, 0.013189659974602693, 0.01179789914952106, 0.00904697039672367, 0.008082570380985117
52, 3, 0.012400157447666569, 0.01179789914952106, 0.008491055297738425, 0.008082570380985117
52, 4, 0.012266457265695386, 0.01179789914952106, 0.008412104927682058, 0.008082570380985117
52, 5, 0.012384364168729532, 0.01179789914952106, 0.008506694156542908, 0.008082570380985117
52, 6, 0.014621998171762551, 0.01179789914952106, 0.00995421491882349, 0.008082570380985117
52, 7, 0.011938144453215706, 0.01179789914952106, 0.008209742253971098, 0.008082570380985117
52, 8, 0.012637664001572037, 0.01179789914952106, 0.008684971907082515, 0.008082570380985117
52, 9, 0.01209403480797948, 0.01179789914952106, 0.008304940453964637, 0.008082570380985117
53, 0, 0.012187302496585109, 0.01179789914952106, 0.008357526595514472, 0.008082570380985117
53, 1, 0.012360415074169568, 0.01179789914952106, 0.008504441759680612, 0.008082570380985117
53, 2, 0.01908020840793328, 0.01179789914952106, 0.012925679019460493, 0.008082570380985117
53, 3, 0.011928558141147612, 0.01179789914952106, 0.008188394484097783, 0.008082570380985117
53, 4, 0.012282266806038217, 0.01179789914952106, 0.008416296845932892, 0.008082570380985117
53, 5, 0.013035758141858944, 0.01179789914952106, 0.008812266722317852, 0.008082570380985117
53, 6, 0.012631082766891698, 0.01179789914952106, 0.00864803375471951, 0.008082570380985117
53, 7, 0.012050210517314598, 0.01179789914952106, 0.008284348025100174, 0.008082570380985117
53, 8, 0.012584533762914575, 0.01179789914952106, 0.008659309770065432, 0.008082570380985117
53, 9, 0.012398472503959734, 0.01179789914952106, 0.0085041258275883, 0.008082570380985117
54, 0, 0.01250182493762128, 0.01179789914952106, 0.008567781456922175, 0.008082570380985117
54, 1, 0.012029031952697717, 0.01179789914952106, 0.008271321155206396, 0.008082570380985117
54, 2, 0.012029031952697717, 0.01179789914952106, 0.008271321155206396, 0.008082570380985117
54, 3, 0.01282238495550582, 0.01179789914952106, 0.008784228740641198, 0.008082570380985117
54, 4, 0.012358823121764112, 0.01179789914952106, 0.00846693499956568, 0.008082570380985117
54, 5, 0.012945163596668561, 0.01179789914952106, 0.008727222949867353, 0.008082570380985117
54, 6, 0.011904347542527649, 0.01179789914952106, 0.008159940037785833, 0.008082570380985117
54, 7, 0.011924917312113712, 0.01179789914952106, 0.00818740764057997, 0.008082570380985117
54, 8, 0.012822545217845031, 0.01179789914952106, 0.008828731615557394, 0.008082570380985117
54, 9, 0.012276735124853548, 0.01179789914952106, 0.008421635748703962, 0.008082570380985117
55, 0, 0.012253523046109303, 0.01179789914952106, 0.008407204300230725, 0.008082570380985117
55, 1, 0.011856965749350457, 0.01179789914952106, 0.008138569702818474, 0.008082570380985117
55, 2, 0.019879458949982578, 0.01179789914952106, 0.013415799820917389, 0.008082570380985117
55, 3, 0.015132850857267236, 0.01179789914952106, 0.01030636105973323, 0.008082570380985117
55, 4, 0.012079899266321381, 0.01179789914952106, 0.008288463860802458, 0.008082570380985117
55, 5, 0.012217618594391938, 0.01179789914952106, 0.008361115512401164, 0.008082570380985117
55, 6, 0.012118338753521102, 0.01179789914952106, 0.008289387006196051, 0.008082570380985117
55, 7, 0.011916148890556644, 0.01179789914952106, 0.008161448802633923, 0.008082570380985117
55, 8, 0.012414120758139535, 0.01179789914952106, 0.00856069159408566, 0.008082570380985117
55, 9, 0.012320092465958799, 0.01179789914952106, 0.00845368787342195, 0.008082570380985117
56, 0, 0.012253872358476612, 0.01179789914952106, 0.008401203883224977, 0.008082570380985117
56, 1, 0.012056389285583472, 0.01179789914952106, 0.008248029499226971, 0.008082570380985117
56, 2, 0.012766264310584871, 0.01179789914952106, 0.00870148485616359, 0.008082570380985117
56, 3, 0.014458652377898219, 0.01179789914952106, 0.009859162054195247, 0.008082570380985117
56, 4, 0.011873194390758393, 0.01179789914952106, 0.008161750106691316, 0.008082570380985117
56, 5, 0.013828391343871628, 0.01179789914952106, 0.009429681136903501, 0.008082570380985117
56, 6, 0.012328329136540542, 0.01179789914952106, 0.008426231855454257, 0.008082570380985117
56, 7, 0.012006200295516948, 0.01179789914952106, 0.008180211126603583, 0.008082570380985117
56, 8, 0.012260716173290888, 0.01179789914952106, 0.008436714219156342, 0.008082570380985117
56, 9, 0.011900757559997139, 0.01179789914952106, 0.008167190284450598, 0.008082570380985117
57, 0, 0.012173581378665019, 0.01179789914952106, 0.00834622326806873, 0.008082570380985117
57, 1, 0.012215917617890981, 0.01179789914952106, 0.00829459110187998, 0.008082570380985117
57, 2, 0.013316266063266137, 0.01179789914952106, 0.008882091404931495, 0.008082570380985117
57, 3, 0.012654878545366462, 0.01179789914952106, 0.00867314252234469, 0.008082570380985117
57, 4, 0.012271801264664223, 0.01179789914952106, 0.008425493156718313, 0.008082570380985117
57, 5, 0.014972297534484267, 0.01179789914952106, 0.010179526011913685, 0.008082570380985117
57, 6, 0.012503657555337094, 0.01179789914952106, 0.008528096145655889, 0.008082570380985117
57, 7, 0.012246557484796047, 0.01179789914952106, 0.008289960164631033, 0.008082570380985117
57, 8, 0.012241074552965532, 0.01179789914952106, 0.008344417813731332, 0.008082570380985117
57, 9, 0.012065589609660443, 0.01179789914952106, 0.00824789302197682, 0.008082570380985117
58, 0, 0.014845288934409532, 0.01179789914952106, 0.010086786338769964, 0.008082570380985117
58, 1, 0.012110167339570453, 0.01179789914952106, 0.00820847432303292, 0.008082570380985117
58, 2, 0.015050563313518823, 0.01179789914952106, 0.009940778214206436, 0.008082570380985117
58, 3, 0.012234240478356034, 0.01179789914952106, 0.00837695070383184, 0.008082570380985117
58, 4, 0.012367664001479785, 0.01179789914952106, 0.00848416506139918, 0.008082570380985117
58, 5, 0.014143329785593295, 0.01179789914952106, 0.00964078077637382, 0.008082570380985117
58, 6, 0.012486447116895753, 0.01179789914952106, 0.008507885211953517, 0.008082570380985117
58, 7, 0.01227247676589256, 0.01179789914952106, 0.00828043959461405, 0.008082570380985117
58, 8, 0.013934491442388033, 0.01179789914952106, 0.009258669174414856, 0.008082570380985117
58, 9, 0.012487639905341212, 0.01179789914952106, 0.008501657569966214, 0.008082570380985117
59, 0, 0.015088978369366372, 0.01179789914952106, 0.010220378151835326, 0.008082570380985117
59, 1, 0.012487971294218785, 0.01179789914952106, 0.008434641783005717, 0.008082570380985117
59, 2, 0.013412117360028572, 0.01179789914952106, 0.008938292390889304, 0.008082570380985117
59, 3, 0.012689331934777143, 0.01179789914952106, 0.00857620358701461, 0.008082570380985117
59, 4, 0.012235557876937525, 0.01179789914952106, 0.008388841880747107, 0.008082570380985117
59, 5, 0.011921967192970525, 0.01179789914952106, 0.00816528468053533, 0.008082570380985117
59, 6, 0.012138303831132716, 0.01179789914952106, 0.00828359252696615, 0.008082570380985117
59, 7, 0.01218804147750066, 0.01179789914952106, 0.008232497088851, 0.008082570380985117
59, 8, 0.015095849569154085, 0.01179789914952106, 0.009942262701541185, 0.008082570380985117
59, 9, 0.012107964148402681, 0.01179789914952106, 0.00822471935306585, 0.008082570380985117
60, 0, 0.013038926783996155, 0.01179789914952106, 0.00884899667327202, 0.008082570380985117
60, 1, 0.012605304186860324, 0.01179789914952106, 0.008489255543092456, 0.008082570380985117
60, 2, 0.012459298290106995, 0.01179789914952106, 0.00842782959431542, 0.008082570380985117
60, 3, 0.012804475756651062, 0.01179789914952106, 0.008635175273053968, 0.008082570380985117
60, 4, 0.012162809742500317, 0.01179789914952106, 0.008331519441635828, 0.008082570380985117
60, 5, 0.012453905306297544, 0.01179789914952106, 0.008434913122949321, 0.008082570380985117
60, 6, 0.012139679166044883, 0.01179789914952106, 0.008279096098841462, 0.008082570380985117
60, 7, 0.012228154986690786, 0.01179789914952106, 0.008298507844071865, 0.008082570380985117
60, 8, 0.016689990123973594, 0.01179789914952106, 0.010920148050823747, 0.008082570380985117
60, 9, 0.012238700777799108, 0.01179789914952106, 0.00835203689600489, 0.008082570380985117
61, 0, 0.012284301761251544, 0.01179789914952106, 0.008310107894676207, 0.008082570380985117
61, 1, 0.012040500194668416, 0.01179789914952106, 0.008204413547295692, 0.008082570380985117
61, 2, 0.012064335744273309, 0.01179789914952106, 0.00825241887664563, 0.008082570380985117
61, 3, 0.012378328853228267, 0.01179789914952106, 0.008415068659703285, 0.008082570380985117
61, 4, 0.011976720179581304, 0.01179789914952106, 0.008176857714365562, 0.008082570380985117
61, 5, 0.01314045265983633, 0.01179789914952106, 0.008819555506761926, 0.008082570380985117
61, 6, 0.013043178731886975, 0.01179789914952106, 0.008872478462268395, 0.008082570380985117
61, 7, 0.012008076212621004, 0.01179789914952106, 0.008207088671046756, 0.008082570380985117
61, 8, 0.013105442681151972, 0.01179789914952106, 0.008763771402450993, 0.008082570380985117
61, 9, 0.012043674870273812, 0.01179789914952106, 0.00824408325008478, 0.008082570380985117
62, 0, 0.012439637450324824, 0.01179789914952106, 0.00845958408368403, 0.008082570380985117
62, 1, 0.012217407913789639, 0.01179789914952106, 0.008380790979061921, 0.008082570380985117
62, 2, 0.01484617312043702, 0.01179789914952106, 0.010102963043078438, 0.008082570380985117
62, 3, 0.012168685775134186, 0.01179789914952106, 0.008339812962836441, 0.008082570380985117
62, 4, 0.012112932163367358, 0.01179789914952106, 0.008264215583203727, 0.008082570380985117
62, 5, 0.012851474430440036, 0.01179789914952106, 0.008659123121587776, 0.008082570380985117
62, 6, 0.012945196162474186, 0.01179789914952106, 0.008829057618139603, 0.008082570380985117
62, 7, 0.011994435283037215, 0.01179789914952106, 0.00822391606679199, 0.008082570380985117
62, 8, 0.012258548042883854, 0.01179789914952106, 0.008410254489781279, 0.008082570380985117
62, 9, 0.012125321238848309, 0.01179789914952106, 0.00831689427228706, 0.008082570380985117
63, 0, 0.01221064930860041, 0.01179789914952106, 0.008362168175103274, 0.008082570380985117
63, 1, 0.012112379348211966, 0.01179789914952106, 0.008333521259066981, 0.008082570380985117
63, 2, 0.01836541393892624, 0.01179789914952106, 0.01242797482118916, 0.008082570380985117
63, 3, 0.012142316822580494, 0.01179789914952106, 0.008341343430280965, 0.008082570380985117
63, 4, 0.01199155170866947, 0.01179789914952106, 0.008229485456396088, 0.008082570380985117
63, 5, 0.012344557365391494, 0.01179789914952106, 0.008426054083165444, 0.008082570380985117
63, 6, 0.012440850435714306, 0.01179789914952106, 0.008517781690103586, 0.008082570380985117
63, 7, 0.011916517892980347, 0.01179789914952106, 0.00818012267421032, 0.008082570380985117
63, 8, 0.012371856340217533, 0.01179789914952106, 0.00852011454037061, 0.008082570380985117
63, 9, 0.012163669866197489, 0.01179789914952106, 0.00835621410296345, 0.008082570380985117
64, 0, 0.012342374755311967, 0.01179789914952106, 0.00847326998664769, 0.008082570380985117
64, 1, 0.01215898480856805, 0.01179789914952106, 0.008377750741852168, 0.008082570380985117
64, 2, 0.02096308454244492, 0.01179789914952106, 0.01415354357081895, 0.008082570380985117
64, 3, 0.012941014380559173, 0.01179789914952106, 0.008875070188983945, 0.008082570380985117
64, 4, 0.012082681028002437, 0.01179789914952106, 0.00831117416524239, 0.008082570380985117
64, 5, 0.012209046130259547, 0.01179789914952106, 0.00836818884994125, 0.008082570380985117
64, 6, 0.012209046130259547, 0.01179789914952106, 0.00836818884994125, 0.008082570380985117
64, 7, 0.012145249632946026, 0.01179789914952106, 0.008342739838920341, 0.008082570380985117
64, 8, 0.01268142161827029, 0.01179789914952106, 0.008748626687208563, 0.008082570380985117
64, 9, 0.01203627276155494, 0.01179789914952106, 0.008274749082054545, 0.008082570380985117
65, 0, 0.01239681436177764, 0.01179789914952106, 0.008526115655385039, 0.008082570380985117
65, 1, 0.01221600349963465, 0.01179789914952106, 0.00841096090112177, 0.008082570380985117
65, 2, 0.01989765585864581, 0.01179789914952106, 0.013458249736408549, 0.008082570380985117
65, 3, 0.012202859090971381, 0.01179789914952106, 0.008390412481289074, 0.008082570380985117
65, 4, 0.012064876286388958, 0.01179789914952106, 0.00830740828549542, 0.008082570380985117
65, 5, 0.01269520731744938, 0.01179789914952106, 0.008689877647841515, 0.008082570380985117
65, 6, 0.012120855914423433, 0.01179789914952106, 0.008332810168630144, 0.008082570380985117
65, 7, 0.011787866374995041, 0.011787866374995041, 0.0080852570380985117, 0.0080852570380985117
65, 8, 0.012859270664895112, 0.011787866374995041, 0.008877289102186754, 0.0080852570380985117
65, 9, 0.011922262521675761, 0.011787866374995041, 0.00819297156780084, 0.0080852570380985117
66, 0, 0.012423112622704107, 0.011787866374995041, 0.00856318693010322, 0.0080852570380985117
66, 1, 0.011875069711972, 0.011787866374995041, 0.008162222985193954, 0.0080852570380985117
66, 2, 0.013157718580995438, 0.011787866374995041, 0.009020941580788073, 0.0080852570380985117
66, 3, 0.01207569781223469, 0.011787866374995041, 0.008300347211153433, 0.0080852570380985117
66, 4, 0.012159513893274989, 0.011787866374995041, 0.008369757269316233, 0.0080852570380985117
66, 5, 0.012007944571991775, 0.011787866374995041, 0.008235959654749589, 0.0080852570380985117
66, 6, 0.012377850122059152, 0.011787866374995041, 0.008510732309682911, 0.0080852570380985117
66, 7, 0.012099591401839692, 0.011787866374995041, 0.008319264751086061, 0.0080852570380985117
66, 8, 0.01244217544756887, 0.011787866374995041, 0.008571381529312123, 0.0080852570380985117
66, 9, 0.012180191449865707, 0.011787866374995041, 0.008354350849953373, 0.0080852570380985117
67, 0, 0.013335768232621096, 0.011787866374995041, 0.009146001720698887, 0.0080852570380985117
67, 1, 0.01182726358367082, 0.011787866374995041, 0.008104374105445912, 0.0080852570380985117
67, 2, 0.01222543651407302, 0.011787866374995041, 0.008394580446751764, 0.0080852570380985117
67, 3, 0.012079469149931361, 0.011787866374995041, 0.008290104650511698, 0.0080852570380985117
67, 4, 0.012125645813123472, 0.011787866374995041, 0.008334735335930021, 0.0080852570380985117
67, 5, 0.012003162719014481, 0.011787866374995041, 0.0082134136621789, 0.0080852570380985117
67, 6, 0.01250546659116223, 0.011787866374995041, 0.008594910406808678, 0.0080852570380985117
67, 7, 0.012218101877532285, 0.011787866374995041, 0.008401303012964706, 0.0080852570380985117
67, 8, 0.012023779674473994, 0.011787866374995041, 0.008258815030115932, 0.0080852570380985117
67, 9, 0.011869280263601125, 0.011787866374995041, 0.008131830606775775, 0.0080852570380985117
68, 0, 0.014251713077684504, 0.011787866374995041, 0.00972425168086286, 0.0080852570380985117
68, 1, 0.012246082437822384, 0.011787866374995041, 0.008328986364634939, 0.0080852570380985117
68, 2, 0.01226113898886199, 0.011787866374995041, 0.00838473774558956, 0.0080852570380985117
68, 3, 0.012361112636635502, 0.011787866374995041, 0.008463432392806313, 0.0080852570380985117
68, 4, 0.012191125002690924, 0.011787866374995041, 0.00836942868911701, 0.0080852570380985117
68, 5, 0.012346360672534529, 0.011787866374995041, 0.008427592126744684, 0.0080852570380985117
68, 6, 0.012143275410548875, 0.011787866374995041, 0.008342934274055622, 0.0080852570380985117
68, 7, 0.012128264385194173, 0.011787866374995041, 0.008342706274529264, 0.0080852570380985117
68, 8, 0.012328188028394246, 0.011787866374995041, 0.008312946600813033, 0.0080852570380985117
68, 9, 0.012032886642151474, 0.011787866374995041, 0.008239733092982524, 0.0080852570380985117
69, 0, 0.012462108858858996, 0.011787866374995041, 0.008523395470974922, 0.0080852570380985117
69, 1, 0.012339283193000448, 0.011787866374995041, 0.008348253459807383, 0.0080852570380985117
69, 2, 0.012816817845158536, 0.011787866374995041, 0.00863736121414452, 0.0080852570380985117
69, 3, 0.012528915210416675, 0.011787866374995041, 0.00856694451227309, 0.0080852570380985117
69, 4, 0.012195714697444899, 0.011787866374995041, 0.008367051757568668, 0.0080852570380985117
69, 5, 0.012581440753195573, 0.011787866374995041, 0.00857853798064887, 0.0080852570380985117
69, 6, 0.011807130294944505, 0.011787866374995041, 0.008108800277232195, 0.0080852570380985117
69, 7, 0.01212497727222163, 0.011787866374995041, 0.008339325135548081, 0.0080852570380985117
69, 8, 0.01572324986120973, 0.011787866374995041, 0.010325527770013698, 0.0080852570380985117
69, 9, 0.011740109808361864, 0.011740109808361864, 0.008047022826991783, 0.008047022826991783
70, 0, 0.012396195272876075, 0.011740109808361864, 0.008370704443263906, 0.008047022826991783
70, 1, 0.012155694976675131, 0.011740109808361864, 0.008248577889213052, 0.008047022826991783
70, 2, 0.015263986832598012, 0.011740109808361864, 0.010090144360496637, 0.008047022826991783
70, 3, 0.012641755631015779, 0.011740109808361864, 0.008626234791492954, 0.008047022826991783
70, 4, 0.012019840268843663, 0.011740109808361864, 0.008251509879855257, 0.008047022826991783
70, 5, 0.0123182683797426, 0.011740109808361864, 0.008383169297962957, 0.008047022826991783
70, 6, 0.01221074486498349, 0.011740109808361864, 0.008358422764812063, 0.008047022826991783
70, 7, 0.012058538886632834, 0.011740109808361864, 0.008288562510232902, 0.008047022826991783
70, 8, 0.02023533517499821, 0.011740109808361864, 0.0131917362928518, 0.008047022826991783
70, 9, 0.012034567887116555, 0.011740109808361864, 0.008249261747972443, 0.008047022826991783
71, 0, 0.013170869714738407, 0.011740109808361864, 0.008794643772998099, 0.008047022826991783
71, 1, 0.012101883939650712, 0.011740109808361864, 0.008252726131392697, 0.008047022826991783
71, 2, 0.0134468490277148, 0.011740109808361864, 0.00898092405847381, 0.008047022826991783
71, 3, 0.01229258577640868, 0.011740109808361864, 0.008397688833117584, 0.008047022826991783
71, 4, 0.012016120283377396, 0.011740109808361864, 0.00824475416498363, 0.008047022826991783
71, 5, 0.012337835893846587, 0.011740109808361864, 0.00842395925492236, 0.008047022826991783
71, 6, 0.012203393005222253, 0.011740109808361864, 0.008336150870730629, 0.008047022826991783
71, 7, 0.012024014723269267, 0.011740109808361864, 0.00825732508845494, 0.008047022826991783
71, 8, 0.01607170248440154, 0.011740109808361864, 0.010538016206836517, 0.008047022826991783
71, 9, 0.012012974777585245, 0.011740109808361864, 0.00823709784762316, 0.008047022826991783
72, 0, 0.013532534572182656, 0.011740109808361864, 0.00902321933584598, 0.008047022826991783
72, 1, 0.012029875612166238, 0.011740109808361864, 0.008240073651869599, 0.008047022826991783
72, 2, 0.01294500271840999, 0.011740109808361864, 0.008828016178393168, 0.008047022826991783
72, 3, 0.012228230278553758, 0.011740109808361864, 0.008369320214757645, 0.008047022826991783
72, 4, 0.012014595955466957, 0.011740109808361864, 0.00823733251247464, 0.008047022826991783
72, 5, 0.012290005073130354, 0.011740109808361864, 0.008415530625666504, 0.008047022826991783
72, 6, 0.012167994908478197, 0.011740109808361864, 0.008322516415214363, 0.008047022826991783
72, 7, 0.012138061457244425, 0.011740109808361864, 0.008326652924530905, 0.008047022826991783
72, 8, 0.01221768507356692, 0.011740109808361864, 0.008317940926464373, 0.008047022826991783
72, 9, 0.011963863743756301, 0.011740109808361864, 0.008204415943504921, 0.008047022826991783
73, 0, 0.012391873307862539, 0.011740109808361864, 0.00841263816268681, 0.008047022826991783
73, 1, 0.012184203333013162, 0.011740109808361864, 0.008365317027596793, 0.008047022826991783
73, 2, 0.012184203333013162, 0.011740109808361864, 0.008365317027596793, 0.008047022826991783
73, 3, 0.012093925725325246, 0.011740109808361864, 0.008288308772887531, 0.008047022826991783
73, 4, 0.012046345438570584, 0.011740109808361864, 0.008260585411667834, 0.008047022826991783
73, 5, 0.01385978243455476, 0.011740109808361864, 0.009445519592712937, 0.008047022826991783
73, 6, 0.012077763400092537, 0.011740109808361864, 0.008283001750227208, 0.008047022826991783
73, 7, 0.012165709224537127, 0.011740109808361864, 0.00833961191111016, 0.008047022826991783
73, 8, 0.012447465176940882, 0.011740109808361864, 0.008565295839408548, 0.008047022826991783
73, 9, 0.011833539557260585, 0.011740109808361864, 0.008115540174726087, 0.008047022826991783
74, 0, 0.012080233226465877, 0.011740109808361864, 0.008301133865113233, 0.008047022826991783
74, 1, 0.012190018218139828, 0.011740109808361864, 0.00837835369152626, 0.008047022826991783
74, 2, 0.7243842900142916, 0.011740109808361864, 0.2823245571480854, 0.008047022826991783
74, 3, 0.011923997550308993, 0.011740109808361864, 0.008192962251409103, 0.008047022826991783
74, 4, 0.011887456210873278, 0.011740109808361864, 0.008161698210048396, 0.008047022826991783
74, 5, 0.01629142256747712, 0.011740109808361864, 0.01105795047951767, 0.008047022826991783
74, 6, 0.0118901640835116, 0.011740109808361864, 0.008167692577922547, 0.008047022826991783
74, 7, 0.01198389942012581, 0.011740109808361864, 0.008214028152319657, 0.008047022826991783
74, 8, 0.01268606454098167, 0.011740109808361864, 0.008744923270752058, 0.008047022826991783
74, 9, 0.012038856408263736, 0.011740109808361864, 0.008254052268822974, 0.008047022826991783
75, 0, 0.013004179196332868, 0.011740109808361864, 0.00892649624907692, 0.008047022826991783
75, 1, 0.012158768582600931, 0.011740109808361864, 0.008349156815463341, 0.008047022826991783
75, 2, 0.0198305191826364, 0.011740109808361864, 0.013406410279794454, 0.008047022826991783
75, 3, 0.011990099519205474, 0.011740109808361864, 0.008242494154955343, 0.008047022826991783
75, 4, 0.012141973160975525, 0.011740109808361864, 0.008340461304625789, 0.008047022826991783
75, 5, 0.012943824803852776, 0.011740109808361864, 0.00885292668350179, 0.008047022826991783
75, 6, 0.012164305062305189, 0.011740109808361864, 0.008356838979425029, 0.008047022826991783
75, 7, 0.01211969953748102, 0.011740109808361864, 0.00831645570861669, 0.008047022826991783
75, 8, 0.012380844364786715, 0.011740109808361864, 0.008527574206034021, 0.008047022826991783
75, 9, 0.011969135660724077, 0.011740109808361864, 0.008200613434710192, 0.008047022826991783
76, 0, 0.014244379355713432, 0.011740109808361864, 0.009744425246824923, 0.008047022826991783
76, 1, 0.01169598207106913, 0.01169598207106913, 0.008024769266890485, 0.008024769266890485
76, 2, 0.012157295908042699, 0.01169598207106913, 0.00835650154089943, 0.008024769266890485
76, 3, 0.012157295908042699, 0.01169598207106913, 0.00835650154089943, 0.008024769266890485
76, 4, 0.012167716912970956, 0.01169598207106913, 0.00835959632130693, 0.008024769266890485
76, 5, 0.012106165261909599, 0.01169598207106913, 0.008286116759586125, 0.008024769266890485
76, 6, 0.01219531626384357, 0.01169598207106913, 0.008377336987444016, 0.008024769266890485
76, 7, 0.012032490930264043, 0.01169598207106913, 0.008269315672437199, 0.008024769266890485
76, 8, 0.012307082543685576, 0.01169598207106913, 0.008463792414382637, 0.008024769266890485
76, 9, 0.012057022875082873, 0.01169598207106913, 0.008254109308185648, 0.008024769266890485
77, 0, 0.013958061335148543, 0.01169598207106913, 0.009544849925134326, 0.008024769266890485
77, 1, 0.01192820937191999, 0.01169598207106913, 0.008158687120814098, 0.008024769266890485
77, 2, 0.012124500676445672, 0.01169598207106913, 0.008321550934396382, 0.008024769266890485
77, 3, 0.011892201681217362, 0.01169598207106913, 0.008159675107560141, 0.008024769266890485
77, 4, 0.012207799428841362, 0.01169598207106913, 0.008382035385262448, 0.008024769266890485
77, 5, 0.01282357454730668, 0.01169598207106913, 0.008661640645907902, 0.008024769266890485
77, 6, 0.012044531573419335, 0.01169598207106913, 0.008265856743764241, 0.008024769266890485
77, 7, 0.01223442910484347, 0.01169598207106913, 0.008413465933453695, 0.008024769266890485
77, 8, 0.01184462857130823, 0.01169598207106913, 0.008126944771570102, 0.008024769266890485
77, 9, 0.012028394312749536, 0.01169598207106913, 0.008228531251825913, 0.008024769266890485
78, 0, 0.01225176538812456, 0.01169598207106913, 0.008403655502701323, 0.008024769266890485
78, 1, 0.0119374956986229, 0.01169598207106913, 0.008134595388438736, 0.008024769266890485
78, 2, 0.012675133997263034, 0.01169598207106913, 0.008635698237704468, 0.008024769266890485
78, 3, 0.011896297894949464, 0.01169598207106913, 0.00814905699261073, 0.008024769266890485
78, 4, 0.012094677919256482, 0.01169598207106913, 0.008300008048432594, 0.008024769266890485
78, 5, 0.014886786100186816, 0.01169598207106913, 0.009857148285402084, 0.008024769266890485
78, 6, 0.01198948845208199, 0.01169598207106913, 0.008209541059958532, 0.008024769266890485
78, 7, 0.012214093760666562, 0.01169598207106913, 0.008400373893336897, 0.008024769266890485
78, 8, 0.01199476128719312, 0.01169598207106913, 0.008173144394046532, 0.008024769266890485
78, 9, 0.012021848129663682, 0.01169598207106913, 0.008214398634750488, 0.008024769266890485
79, 0, 0.012021848129663682, 0.01169598207106913, 0.008214398634750488, 0.008024769266890485
79, 1, 0.012201316225826599, 0.01169598207106913, 0.008314548249027843, 0.008024769266890485
79, 2, 0.013360453280435418, 0.01169598207106913, 0.0089257070905755, 0.008024769266890485
79, 3, 0.011924358744985236, 0.01169598207106913, 0.008140724734513412, 0.008024769266890485
79, 4, 0.012239317680225832, 0.01169598207106913, 0.008390590396659741, 0.008024769266890485
79, 5, 0.014147982799486212, 0.01169598207106913, 0.009405007969363713, 0.008024769266890485
79, 6, 0.012179862629803988, 0.01169598207106913, 0.008310375608931227, 0.008024769266890485
79, 7, 0.011875954908214482, 0.01169598207106913, 0.008164681933456198, 0.008024769266890485
79, 8, 0.01220836446063337, 0.01169598207106913, 0.008240586198754481, 0.008024769266890485
79, 9, 0.012097546535391352, 0.01169598207106913, 0.008259289168483152, 0.008024769266890485
80, 0, 0.01282532150045681, 0.01169598207106913, 0.008597714269492955, 0.008024769266890485
80, 1, 0.011873558513774361, 0.01169598207106913, 0.008113288630799752, 0.008024769266890485
80, 2, 0.013870371345452843, 0.01169598207106913, 0.009222379883269313, 0.008024769266890485
80, 3, 0.012099098163411804, 0.01169598207106913, 0.008247644368248852, 0.008024769266890485
80, 4, 0.012090157004574203, 0.01169598207106913, 0.008285282466478996, 0.008024769266890485
80, 5, 0.01241733989264004, 0.01169598207106913, 0.008413131923274862, 0.008024769266890485
80, 6, 0.011997100645169559, 0.01169598207106913, 0.008186721396892182, 0.008024769266890485
80, 7, 0.011938962561626972, 0.01169598207106913, 0.008199272815078519, 0.008024769266890485
80, 8, 0.012503250544409145, 0.01169598207106913, 0.008415052923003196, 0.008024769266890485
80, 9, 0.011915969033139975, 0.01169598207106913, 0.00814108593230146, 0.008024769266890485
81, 0, 0.013475445159046135, 0.01169598207106913, 0.00900816220850467, 0.008024769266890485
81, 1, 0.011874556544769583, 0.01169598207106913, 0.00813033420961739, 0.008024769266890485
81, 2, 0.012764934552581104, 0.01169598207106913, 0.0085352818911401, 0.008024769266890485
81, 3, 0.012011160646432114, 0.01169598207106913, 0.00819791473060901, 0.008024769266890485
81, 4, 0.012088782512652226, 0.01169598207106913, 0.008282269764045133, 0.008024769266890485
81, 5, 0.012932514192912145, 0.01169598207106913, 0.00883608349529078, 0.008024769266890485
81, 6, 0.012477661136240948, 0.01169598207106913, 0.00852573973767903, 0.008024769266890485
81, 7, 0.012009316332409219, 0.01169598207106913, 0.00823731150738294, 0.008024769266890485
81, 8, 0.012259336726168243, 0.01169598207106913, 0.008305276673582987, 0.008024769266890485
81, 9, 0.011978749159701485, 0.01169598207106913, 0.00819691398318897, 0.008024769266890485
82, 0, 0.012459259099810107, 0.01169598207106913, 0.0084154550273028, 0.008024769266890485
82, 1, 0.01188529881724156, 0.01169598207106913, 0.008155815089534663, 0.008024769266890485
82, 2, 0.014277020173412976, 0.01169598207106913, 0.009595742111436894, 0.008024769266890485
82, 3, 0.012042859314410254, 0.01169598207106913, 0.008243069700889857, 0.008024769266890485
82, 4, 0.011847567959129113, 0.01169598207106913, 0.008123976921091345, 0.008024769266890485
82, 5, 0.016224628104436478, 0.01169598207106913, 0.011020659438698397, 0.008024769266890485
82, 6, 0.012639739225075788, 0.01169598207106913, 0.008657310152477985, 0.008024769266890485
82, 7, 0.011928972166111808, 0.01169598207106913, 0.00817467193061954, 0.008024769266890485
82, 8, 0.012063888796042458, 0.01169598207106913, 0.008233974131574964, 0.008024769266890485
82, 9, 0.011947282571107833, 0.01169598207106913, 0.008185287109085778, 0.008024769266890485
83, 0, 0.012348929006155458, 0.01169598207106913, 0.008452055930393438, 0.008024769266890485
83, 1, 0.011814681821902482, 0.01169598207106913, 0.008117280522631125, 0.008024769266890485
83, 2, 0.01718025099797172, 0.01169598207106913, 0.011594892917750196, 0.008024769266890485
83, 3, 0.012196816267202391, 0.01169598207106913, 0.008365504977478073, 0.008024769266890485
83, 4, 0.01186998602142257, 0.01169598207106913, 0.008149732046818967, 0.008024769266890485
83, 5, 0.01645324117383784, 0.01169598207106913, 0.011187485083726433, 0.008024769266890485
83, 6, 0.012365539028667147, 0.01169598207106913, 0.00849774705621423, 0.008024769266890485
83, 7, 0.011906737717044188, 0.01169598207106913, 0.008165647633967852, 0.008024769266890485
83, 8, 0.011801022631598022, 0.01169598207106913, 0.00809593056149251, 0.008024769266890485
83, 9, 0.012115036445182858, 0.01169598207106913, 0.008311152991472124, 0.008024769266890485
84, 0, 0.01208025599859917, 0.01169598207106913, 0.008304328048559755, 0.008024769266890485
84, 1, 0.011988644585851234, 0.01169598207106913, 0.008239440592913793, 0.008024769266890485
84, 2, 0.016593457598867475, 0.01169598207106913, 0.011253679660822432, 0.008024769266890485
84, 3, 0.012277094929103033, 0.01169598207106913, 0.008432011784930436, 0.008024769266890485
84, 4, 0.012001880710119974, 0.01169598207106913, 0.008247533298176702, 0.008024769266890485
84, 5, 0.013399072048103972, 0.01169598207106913, 0.009178996944392675, 0.008024769266890485
84, 6, 0.012201263884448407, 0.01169598207106913, 0.008402281572779778, 0.008024769266890485
84, 7, 0.01188587751091144, 0.01169598207106913, 0.00815767953748225, 0.008024769266890485
84, 8, 0.012029535936200209, 0.01169598207106913, 0.008275321705893244, 0.008024769266890485
84, 9, 0.012115043643009502, 0.01169598207106913, 0.008317600789317512, 0.008024769266890485
85, 0, 0.012233007054061423, 0.01169598207106913, 0.008422626365157363, 0.008024769266890485
85, 1, 0.012148515356854349, 0.01169598207106913, 0.008350950917574804, 0.008024769266890485
85, 2, 0.013093031294150804, 0.01169598207106913, 0.008973255611219108, 0.008024769266890485
85, 3, 0.012531968998820892, 0.01169598207106913, 0.00861120587594749, 0.008024769266890485
85, 4, 0.012036939563940781, 0.01169598207106913, 0.008284891745377894, 0.008024769266890485
85, 5, 0.012214038145377864, 0.01169598207106913, 0.008374814877962834, 0.008024769266890485
85, 6, 0.012021402391229667, 0.01169598207106913, 0.00828250740683996, 0.008024769266890485
85, 7, 0.012092609564401197, 0.01169598207106913, 0.008310514158594838, 0.008024769266890485
85, 8, 0.012176355289634138, 0.01169598207106913, 0.00838374220379886, 0.008024769266890485
85, 9, 0.012114323642586602, 0.01169598207106913, 0.00832442146009157, 0.008024769266890485
86, 0, 0.013052058968014186, 0.01169598207106913, 0.008956103861656356, 0.008024769266890485
86, 1, 0.012010520078759577, 0.01169598207106913, 0.008255275976352254, 0.008024769266890485
86, 2, 0.012117600112256767, 0.01169598207106913, 0.008343965131871271, 0.008024769266890485
86, 3, 0.01252616983249976, 0.01169598207106913, 0.008609713889748415, 0.008024769266890485
86, 4, 0.012383942457601386, 0.01169598207106913, 0.008525645819890201, 0.008024769266890485
86, 5, 0.012973946138605096, 0.01169598207106913, 0.00875128966028194, 0.008024769266890485
86, 6, 0.012101182525816344, 0.01169598207106913, 0.008330253496167757, 0.008024769266890485
86, 7, 0.012267798214335103, 0.01169598207106913, 0.008436905285322987, 0.008024769266890485
86, 8, 0.0121252666226507, 0.01169598207106913, 0.008347978230961768, 0.008024769266890485
86, 9, 0.011888703742242894, 0.01169598207106913, 0.008172101737902537, 0.008024769266890485
87, 0, 0.013050637671679613, 0.01169598207106913, 0.00894227424110699, 0.008024769266890485
87, 1, 0.011948786143331861, 0.01169598207106913, 0.008211177034473875, 0.008024769266890485
87, 2, 0.01246365708325472, 0.01169598207106913, 0.008573505772946003, 0.008024769266890485
87, 3, 0.012280424793740212, 0.01169598207106913, 0.008441262269813858, 0.008024769266890485
87, 4, 0.012253955452303756, 0.01169598207106913, 0.00843683139772161, 0.008024769266890485
87, 5, 0.013747983039069989, 0.01169598207106913, 0.00919110187888898, 0.008024769266890485
87, 6, 0.012300611191099277, 0.01169598207106913, 0.008449808514499677, 0.008024769266890485
87, 7, 0.012190889076122298, 0.01169598207106913, 0.008390768254760038, 0.008024769266890485
87, 8, 0.012104248762301836, 0.01169598207106913, 0.00832111491515739, 0.008024769266890485
87, 9, 0.01204688605553509, 0.01169598207106913, 0.008266316685404356, 0.008024769266890485
88, 0, 0.012553582854144847, 0.01169598207106913, 0.00859932794616727, 0.008024769266890485
88, 1, 0.011877461667722595, 0.01169598207106913, 0.008159223363281575, 0.008024769266890485
88, 2, 0.012659544181360517, 0.01169598207106913, 0.0087057456248788, 0.008024769266890485
88, 3, 0.011833812982467619, 0.01169598207106913, 0.008126669392823943, 0.008024769266890485
88, 4, 0.011958943210485145, 0.01169598207106913, 0.008233173757158747, 0.008024769266890485
88, 5, 0.011958943210485145, 0.01169598207106913, 0.008233173757158747, 0.008024769266890485
88, 6, 0.012073848595561267, 0.01169598207106913, 0.008277097257269224, 0.008024769266890485
88, 7, 0.012133107963611715, 0.01169598207106913, 0.008350391175525334, 0.008024769266890485
88, 8, 0.011913773069533711, 0.01169598207106913, 0.008169892891181564, 0.008024769266890485
88, 9, 0.011810714155962476, 0.01169598207106913, 0.008089787423956123, 0.008024769266890485
89, 0, 0.011722977538646822, 0.01169598207106913, 0.008023471709746993, 0.008024769266890485
89, 1, 0.011975028593268133, 0.01169598207106913, 0.008217575288703777, 0.008024769266890485
89, 2, 0.012284020450358953, 0.01169598207106913, 0.008428534100248752, 0.008024769266890485
89, 3, 0.011881235728719866, 0.01169598207106913, 0.008133980803066375, 0.008024769266890485
89, 4, 0.012208559905808953, 0.01169598207106913, 0.008393643749274976, 0.008024769266890485
89, 5, 0.012238056187507411, 0.01169598207106913, 0.008313940308545086, 0.008024769266890485
89, 6, 0.012153620591029401, 0.01169598207106913, 0.00830881639520895, 0.008024769266890485
89, 7, 0.012188298394132555, 0.01169598207106913, 0.008379831959609748, 0.008024769266890485
89, 8, 0.012085851201216824, 0.01169598207106913, 0.008233312821442264, 0.008024769266890485
89, 9, 0.011943102891648521, 0.01169598207106913, 0.008157839956813007, 0.008024769266890485
90, 0, 0.012002686223609185, 0.01169598207106913, 0.008157247190460628, 0.008024769266890485
90, 1, 0.011782883806535771, 0.01169598207106913, 0.008077391973830828, 0.008024769266890485
90, 2, 0.012184383326581645, 0.01169598207106913, 0.008332963337455757, 0.008024769266890485
90, 3, 0.01192412877241451, 0.01169598207106913, 0.008142510865140298, 0.008024769266890485
90, 4, 0.012196694782754657, 0.01169598207106913, 0.00837222879684452, 0.008024769266890485
90, 5, 0.01312791619904223, 0.01169598207106913, 0.008946792999103344, 0.008024769266890485
90, 6, 0.01206960163285216, 0.01169598207106913, 0.008236867915306288, 0.008024769266890485
90, 7, 0.011952028569839667, 0.01169598207106913, 0.008209930944169979, 0.008024769266890485
90, 8, 0.01221905798042223, 0.01169598207106913, 0.008277203388155246, 0.008024769266890485
90, 9, 0.01202713830824424, 0.01169598207106913, 0.008181896187911182, 0.008024769266890485
91, 0, 0.0123179080730107, 0.01169598207106913, 0.008329589481964288, 0.008024769266890485
91, 1, 0.012014089651621025, 0.01169598207106913, 0.008223042283969665, 0.008024769266890485
91, 2, 0.012201205672695932, 0.01169598207106913, 0.00826025149319153, 0.008024769266890485
91, 3, 0.012068763389481887, 0.01169598207106913, 0.008236444228246825, 0.008024769266890485
91, 4, 0.012101097160234475, 0.01169598207106913, 0.008296035136041534, 0.008024769266890485
91, 5, 0.015099659221833168, 0.01169598207106913, 0.010256520747612505, 0.008024769266890485
91, 6, 0.012048012580508508, 0.01169598207106913, 0.008212413149450237, 0.008024769266890485
91, 7, 0.012032443642597866, 0.01169598207106913, 0.008253279081671777, 0.008024769266890485
91, 8, 0.012280640118666853, 0.01169598207106913, 0.008319226439664885, 0.008024769266890485
91, 9, 0.012078631714163212, 0.01169598207106913, 0.008240781762496636, 0.008024769266890485
92, 0, 0.012356926070300723, 0.01169598207106913, 0.008362635545783108, 0.008024769266890485
92, 1, 0.01192840133829515, 0.01169598207106913, 0.008160841036775349, 0.008024769266890485
92, 2, 0.012858381429115624, 0.01169598207106913, 0.008600385677397957, 0.008024769266890485
92, 3, 0.012034943713875843, 0.01169598207106913, 0.008219775463511103, 0.008024769266890485
92, 4, 0.011868871515546853, 0.01169598207106913, 0.008125382511451059, 0.008024769266890485
92, 5, 0.014512498480442022, 0.01169598207106913, 0.009870682388581634, 0.008024769266890485
92, 6, 0.011850780641815875, 0.01169598207106913, 0.008103143115655171, 0.008024769266890485
92, 7, 0.011948258960813763, 0.01169598207106913, 0.008188423433942417, 0.008024769266890485
92, 8, 0.011854649093812628, 0.01169598207106913, 0.008095816817753546, 0.008024769266890485
92, 9, 0.012020891231934266, 0.01169598207106913, 0.008226634770784754, 0.008024769266890485
93, 0, 0.012011869917464304, 0.01169598207106913, 0.008179544766003284, 0.008024769266890485
93, 1, 0.012045289332582355, 0.01169598207106913, 0.00823714990898682, 0.008024769266890485
93, 2, 0.013693546380105377, 0.01169598207106913, 0.009189322763161433, 0.008024769266890485
93, 3, 0.012034189984261744, 0.01169598207106913, 0.008244258421522026, 0.008024769266890485
93, 4, 0.012069862013178693, 0.01169598207106913, 0.008260783990764393, 0.008024769266890485
93, 5, 0.012048537880946963, 0.01169598207106913, 0.008256239957489324, 0.008024769266890485
93, 6, 0.0120791189226451, 0.01169598207106913, 0.008274324918890422, 0.008024769266890485
93, 7, 0.011835191959021057, 0.01169598207106913, 0.008097227395924002, 0.008024769266890485
93, 8, 0.011897229641299982, 0.01169598207106913, 0.008155851279476564, 0.008024769266890485
93, 9, 0.011952696472941999, 0.01169598207106913, 0.00819936014034946, 0.008024769266890485
94, 0, 0.012157006809197513, 0.01169598207106913, 0.008316977953326352, 0.008024769266890485
94, 1, 0.01181170389066082, 0.01169598207106913, 0.008085076522954017, 0.008024769266890485
94, 2, 0.01339098631750842, 0.01169598207106913, 0.009073689123371713, 0.008024769266890485
94, 3, 0.012000527593837063, 0.01169598207106913, 0.008234970683368044, 0.008024769266890485
94, 4, 0.01198193002828177, 0.01169598207106913, 0.008217667273971446, 0.008024769266890485
94, 5, 0.012473627072160721, 0.01169598207106913, 0.00847055611116793, 0.008024769266890485
94, 6, 0.01206741786880617, 0.01169598207106913, 0.008276809805079301, 0.008024769266890485
94, 7, 0.011882454474510147, 0.01169598207106913, 0.008126191717790384, 0.008024769266890485
94, 8, 0.012173091782630489, 0.01169598207106913, 0.008353865430637231, 0.008024769266890485
94, 9, 0.011888429317675508, 0.01169598207106913, 0.008161665220518892, 0.008024769266890485
95, 0, 0.012279513141253862, 0.01169598207106913, 0.008407024799905035, 0.008024769266890485
95, 1, 0.011808447718227281, 0.01169598207106913, 0.008087108422965736, 0.008024769266890485
95, 2, 0.012140462346547167, 0.01169598207106913, 0.008298745889859073, 0.008024769266890485
95, 3, 0.01214630645660494, 0.01169598207106913, 0.008337710773763657, 0.008024769266890485
95, 4, 0.012035726448394537, 0.01169598207106913, 0.008271849375283767, 0.008024769266890485
95, 5, 0.012973570858572975, 0.01169598207106913, 0.008751349966537644, 0.008024769266890485
95, 6, 0.012196837629124426, 0.01169598207106913, 0.008377060633242986, 0.008024769266890485
95, 7, 0.011955440561015787, 0.01169598207106913, 0.008195517321505861, 0.008024769266890485
95, 8, 0.012104600391448795, 0.01169598207106913, 0.00831335109589636, 0.008024769266890485
95, 9, 0.01193959222011375, 0.01169598207106913, 0.008197322963104008, 0.008024769266890485
96, 0, 0.0126010094420082, 0.01169598207106913, 0.008624996096395877, 0.008024769266890485
96, 1, 0.011811384572974655, 0.01169598207106913, 0.008096080075033738, 0.008024769266890485
96, 2, 0.011951183289051353, 0.01169598207106913, 0.008198898578057228, 0.008024769266890485
96, 3, 0.012048257679323575, 0.01169598207106913, 0.008277203980516892, 0.008024769266890485
96, 4, 0.012111910416001603, 0.01169598207106913, 0.008333154251066227, 0.008024769266890485
96, 5, 0.01269265008811973, 0.01169598207106913, 0.00861167685382617, 0.008024769266890485
96, 6, 0.012187868906667733, 0.01169598207106913, 0.008379045041253579, 0.008024769266890485
96, 7, 0.012065386012359125, 0.01169598207106913, 0.008292058379753303, 0.008024769266890485
96, 8, 0.012102317795331897, 0.01169598207106913, 0.008312120137888838, 0.008024769266890485
96, 9, 0.011955462328763076, 0.01169598207106913, 0.00820266677665587, 0.008024769266890485
97, 0, 0.012394809716498832, 0.01169598207106913, 0.008490177665451775, 0.008024769266890485
97, 1, 0.01195154029038022, 0.01169598207106913, 0.00819666915079611, 0.008024769266890485
97, 2, 0.012073849170563554, 0.01169598207106913, 0.008287223424141768, 0.008024769266890485
97, 3, 0.012272768595753589, 0.01169598207106913, 0.008429127499554228, 0.008024769266890485
97, 4, 0.012171439720553534, 0.01169598207106913, 0.008375735010351347, 0.008024769266890485
97, 5, 0.01217469980011568, 0.01169598207106913, 0.008341858491298025, 0.008024769266890485
97, 6, 0.01215158527014927, 0.01169598207106913, 0.00835368807459337, 0.008024769266890485
97, 7, 0.01228853353414449, 0.01169598207106913, 0.00845258402203241, 0.008024769266890485
97, 8, 0.01200088334661749, 0.01169598207106913, 0.008234789725762515, 0.008024769266890485
97, 9, 0.012081323813389742, 0.01169598207106913, 0.00828121210183051, 0.008024769266890485
98, 0, 0.012189293516450567, 0.01169598207106913, 0.008348919753718665, 0.008024769266890485
98, 1, 0.011986464720844053, 0.01169598207106913, 0.008226079573425927, 0.008024769266890485
98, 2, 0.012217664345915088, 0.01169598207106913, 0.008390046564103467, 0.008024769266890485
98, 3, 0.012122628440741854, 0.01169598207106913, 0.00832751531434201, 0.008024769266890485
98, 4, 0.012266095810022646, 0.01169598207106913, 0.00843177544871825, 0.008024769266890485
98, 5, 0.012498897068822472, 0.01169598207106913, 0.008557048046843338, 0.008024769266890485
98, 6, 0.01185027726521383, 0.01169598207106913, 0.008141347068327635, 0.008024769266890485
98, 7, 0.011968238568841105, 0.01169598207106913, 0.008242105828549147, 0.008024769266890485
98, 8, 0.011990968133274268, 0.01169598207106913, 0.0082100690673728, 0.008024769266890485
98, 9, 0.012043172559483641, 0.01169598207106913, 0.008246828268857443, 0.008024769266890485
99, 0, 0.011951200680871481, 0.01169598207106913, 0.008182234238644838, 0.008024769266890485
99, 1, 0.011758149017178775, 0.01169598207106913, 0.008075578925923392, 0.008024769266890485
99, 2, 0.01215893057695681, 0.01169598207106913, 0.008343385540118011, 0.008024769266890485
99, 3, 0.012207667702490568, 0.01169598207106913, 0.008378962213284422, 0.008024769266890485
99, 4, 0.011986977663553335, 0.01169598207106913, 0.008237243506974083, 0.008024769266890485
99, 5, 0.013898876555767806, 0.01169598207106913, 0.009475552108031181, 0.008024769266890485
99, 6, 0.011965874317653937, 0.01169598207106913, 0.008209092646050757, 0.008024769266890485
99, 7, 0.01218576934200285, 0.01169598207106913, 0.008384441182261938, 0.008024769266890485
99, 8, 0.011988875798009141, 0.01169598207106913, 0.008189317767995382, 0.008024769266890485
99, 9, 0.011984660781213848, 0.01169598207106913, 0.008197954277344278, 0.008024769266890485