-1, 0.0871549500083599, 0.0871549500083599, 0.05686751905452279, 0.05686751905452279
1, 0.05984876268583383, 0.05984876268583383, 0.038835603227576974, 0.038835603227576974
2, 0.14489375680842149, 0.05984876268583383, 0.2311835603227576974, 0.038835603227576974
3, 0.239120375680842149, 0.05984876268583383, 0.015115600760978705, 0.038835603227576974
4, 0.04156893278999948, 0.04156893278999948, 0.018721287395412868, 0.018721287395412868
5, 0.014589375680842149, 0.014589375680842149, 0.009921287395412868, 0.009921287395412868
6, 0.234489375680842149, 0.014589375680842149, 0.011261132233704473, 0.009921287395412868
7, 0.014430677089294644, 0.014430677089294644, 0.009814776830351713, 0.009814776830351713
8, 0.01585634782499206, 0.014430677089294644, 0.010849290588668401, 0.009814776830351713
9, 0.016966251420938203, 0.014430677089294644, 0.011773396741768617, 0.009814776830351713
10, 0.3032277771546894, 0.014430677089294644, 0.19968186159232573, 0.009814776830351713
11, 0.4081678802823735, 0.014430677089294644, 0.2691431432054939, 0.009814776830351713
12, 0.017291559117919325, 0.014430677089294644, 0.01199594164342103, 0.009814776830351713
13, 0.016324481034665484, 0.014430677089294644, 0.011317398145645384, 0.009814776830351713
14, 0.014109084331580724, 0.014109084331580724, 0.009242380216962814, 0.009242380216962814
15, 0.015050984724675788, 0.014109084331580724, 0.010423740580502461, 0.009242380216962814
16, 0.01729312497310469, 0.014109084331580724, 0.011985134686932986, 0.009242380216962814
17, 0.016941257269225393, 0.014109084331580724, 0.011752304981544129, 0.009242380216962814
18, 0.02650179445955171, 0.014109084331580724, 0.017245101853419906, 0.009242380216962814
19, 0.17769118799281677, 0.014109084331580724, 0.11662781932447347, 0.009242380216962814
20, 0.36703374538497907, 0.014109084331580724, 0.24191643452101796, 0.009242380216962814
21, 0.40777256141307894, 0.014109084331580724, 0.26886192791870833, 0.009242380216962814
22, 0.42117757220288815, 0.014109084331580724, 0.27764880970668293, 0.009242380216962814
23, 0.016496953590959117, 0.014109084331580724, 0.011435098968507758, 0.009242380216962814
24, 0.2448904111979045, 0.014109084331580724, 0.1611387078930259, 0.009242380216962814
25, 0.015277395934296445, 0.014109084331580724, 0.010529577597277675, 0.009242380216962814
26, 0.1368184712244465, 0.014109084331580724, 0.09003973559213091, 0.009242380216962814
27, 0.01681727949329717, 0.014109084331580724, 0.011401737101952728, 0.009242380216962814
28, 0.015198412872319055, 0.014109084331580724, 0.01051970106380875, 0.009242380216962814
29, 0.42082450829296486, 0.014109084331580724, 0.2774100134500426, 0.009242380216962814
30, 0.41599255952966796, 0.014109084331580724, 0.2742851761183342, 0.009242380216962814
31, 0.017887260489167407, 0.014109084331580724, 0.012283499497205912, 0.009242380216962814
32, 0.014743048514238279, 0.014109084331580724, 0.00982543545885188, 0.009242380216962814
33, 0.016107127622147117, 0.014109084331580724, 0.011165008145745996, 0.009242380216962814
34, 0.4108992725642256, 0.014109084331580724, 0.27095174152887047, 0.009242380216962814
35, 0.017945390861020146, 0.014109084331580724, 0.01170657928981342, 0.009242380216962814
36, 0.1781761011300827, 0.014109084331580724, 0.11725418011055895, 0.009242380216962814
37, 0.3743735744580193, 0.014109084331580724, 0.2467155497920788, 0.009242380216962814
38, 0.41509962317505533, 0.014109084331580724, 0.273704198819254, 0.009242380216962814
39, 0.2383291104049578, 0.014109084331580724, 0.1567429616718131, 0.009242380216962814
40, 0.2802968374750857, 0.014109084331580724, 0.18442730967997864, 0.009242380216962814
41, 0.014186679853598968, 0.014109084331580724, 0.009377293387578254, 0.009242380216962814
42, 0.014927855002712364, 0.014109084331580724, 0.010301635811949572, 0.009242380216962814
43, 0.42826990002911863, 0.014109084331580724, 0.28231520008185235, 0.009242380216962814
44, 0.3832222145139509, 0.014109084331580724, 0.2526432814596676, 0.009242380216962814
45, 0.016589366526297205, 0.014109084331580724, 0.011113268779034041, 0.009242380216962814
46, 0.23530455854797325, 0.014109084331580724, 0.15479314768251112, 0.009242380216962814
47, 0.016837635738860365, 0.014109084331580724, 0.011474085465808276, 0.009242380216962814
48, 0.014667439249882487, 0.014109084331580724, 0.010012248110912387, 0.009242380216962814
49, 0.014990701941995867, 0.014109084331580724, 0.01036904420841814, 0.009242380216962814
50, 0.27013270358945407, 0.014109084331580724, 0.1777704808462465, 0.009242380216962814
51, 0.014339195523142329, 0.014109084331580724, 0.00990144578348959, 0.009242380216962814
52, 0.40875120420055455, 0.014109084331580724, 0.2694796651623989, 0.009242380216962814
53, 0.3945389131454861, 0.014109084331580724, 0.26019679738898066, 0.009242380216962814
54, 0.016521686002451606, 0.014109084331580724, 0.011435366031466424, 0.009242380216962814
55, 0.032584001868352745, 0.014109084331580724, 0.021043217594316165, 0.009242380216962814
56, 0.22113580331964303, 0.014109084331580724, 0.14542395459554944, 0.009242380216962814
57, 0.4209183200169206, 0.014109084331580724, 0.2775069796104791, 0.009242380216962814
58, 0.41612138029127316, 0.014109084331580724, 0.2743411368339581, 0.009242380216962814
59, 0.01716338541083805, 0.014109084331580724, 0.011878498819348918, 0.009242380216962814
60, 0.41366938183326935, 0.014109084331580724, 0.27271714387755247, 0.009242380216962814
61, 0.06124103570269998, 0.014109084331580724, 0.03974021839096877, 0.009242380216962814
62, 0.013650120624121572, 0.013650120624121572, 0.009273137421078626, 0.009273137421078626
63, 0.01608902370915127, 0.013650120624121572, 0.01056203373759896, 0.009273137421078626
64, 0.2708695888361187, 0.013650120624121572, 0.17835040020962967, 0.009273137421078626
65, 0.22138987834746204, 0.013650120624121572, 0.145558812656251, 0.009273137421078626
66, 0.4147164365091352, 0.013650120624121572, 0.2734549124116983, 0.009273137421078626
67, 0.4153653587443228, 0.013650120624121572, 0.2738712077867022, 0.009273137421078626
68, 0.41381565625354927, 0.013650120624121572, 0.27284264623170484, 0.009273137421078626
69, 0.41743279243651765, 0.013650120624121572, 0.2752318234903763, 0.009273137421078626
70, 0.029978465822209158, 0.013650120624121572, 0.019448323831866714, 0.009273137421078626
71, 0.034639081751074566, 0.013650120624121572, 0.02241514124276189, 0.009273137421078626
72, 0.42377024904367466, 0.013650120624121572, 0.27933711464089056, 0.009273137421078626
73, 0.21731678646470895, 0.013650120624121572, 0.1428736450117721, 0.009273137421078626
74, 0.01818724057207136, 0.013650120624121572, 0.012635577329113343, 0.009273137421078626
75, 0.03092411259237146, 0.013650120624121572, 0.019946059856461012, 0.009273137421078626
76, 0.4058701831499851, 0.013650120624121572, 0.26753919016162697, 0.009273137421078626
77, 0.029508792045640168, 0.013650120624121572, 0.01916516215771036, 0.009273137421078626
78, 0.41436335891019527, 0.013650120624121572, 0.2731605958434206, 0.009273137421078626
79, 0.05148363453721232, 0.013650120624121572, 0.03347348498224067, 0.009273137421078626
80, 0.28614394359960066, 0.013650120624121572, 0.18824262883674628, 0.009273137421078626
81, 0.016264278700039984, 0.013650120624121572, 0.011276875977669437, 0.009273137421078626
82, 0.017596034345820973, 0.013650120624121572, 0.012195723653528954, 0.009273137421078626
83, 0.41317948494219847, 0.013650120624121572, 0.2724245415911057, 0.009273137421078626
84, 0.4307194030826859, 0.013650120624121572, 0.2839701152044181, 0.009273137421078626
85, 0.04162206732669942, 0.013650120624121572, 0.026943409566047613, 0.009273137421078626
86, 0.0593018030176931, 0.013650120624121572, 0.03857701885092841, 0.009273137421078626
87, 0.019052159739030943, 0.013650120624121572, 0.012482144530858962, 0.009273137421078626
88, 0.41629639888854675, 0.013650120624121572, 0.27443086298647584, 0.009273137421078626
89, 0.4206104036105894, 0.013650120624121572, 0.27729179970218626, 0.009273137421078626
90, 0.11885804076728193, 0.013650120624121572, 0.07779296503866447, 0.009273137421078626
91, 0.42183599395433924, 0.013650120624121572, 0.27810740961110475, 0.009273137421078626
92, 0.14859294707105172, 0.013650120624121572, 0.09732572035260913, 0.009273137421078626
93, 0.17127798431433486, 0.013650120624121572, 0.11256010085102534, 0.009273137421078626
94, 0.3865162790657097, 0.013650120624121572, 0.2547560877655562, 0.009273137421078626
95, 0.016206106013919464, 0.013650120624121572, 0.01122845402368751, 0.009273137421078626
96, 0.4086061306963485, 0.013650120624121572, 0.2694384509231192, 0.009273137421078626
97, 0.08528461999797998, 0.013650120624121572, 0.056047622262342105, 0.009273137421078626
98, 0.3454318463698971, 0.013650120624121572, 0.22785105646757134, 0.009273137421078626
99, 0.4188728641212041, 0.013650120624121572, 0.27618779387830766, 0.009273137421078626
100, 0.08682723586203181, 0.013650120624121572, 0.05695135117524396, 0.009273137421078626
101, 0.34687398594648794, 0.013650120624121572, 0.22877314281786973, 0.009273137421078626
102, 0.4253996567333439, 0.013650120624121572, 0.2804646105464735, 0.009273137421078626
103, 0.4235837166369481, 0.013650120624121572, 0.27921563883230466, 0.009273137421078626
104, 0.4124166305917018, 0.013650120624121572, 0.27195018294075796, 0.009273137421078626
105, 0.016646863376032085, 0.013650120624121572, 0.01106628982976933, 0.009273137421078626
106, 0.01696873777017204, 0.013650120624121572, 0.011669620717610948, 0.009273137421078626
107, 0.04128600634174094, 0.013650120624121572, 0.026731749086745197, 0.009273137421078626
108, 0.01624606275218311, 0.013650120624121572, 0.011260255512749584, 0.009273137421078626
109, 0.33059358276390427, 0.013650120624121572, 0.21791813557402082, 0.009273137421078626
110, 0.017864580119496463, 0.013650120624121572, 0.012361168489094208, 0.009273137421078626
111, 0.4207432545323292, 0.013650120624121572, 0.27737516196356443, 0.009273137421078626
112, 0.016440024428592777, 0.013650120624121572, 0.01139559923739056, 0.009273137421078626
113, 0.4149882578843579, 0.013650120624121572, 0.27360371396182664, 0.009273137421078626
114, 0.42196936707527233, 0.013650120624121572, 0.27816089379757725, 0.009273137421078626
115, 0.15342400568204853, 0.013650120624121572, 0.10077923113902353, 0.009273137421078626
116, 0.0484495335382685, 0.013650120624121572, 0.03143048423884291, 0.009273137421078626
117, 0.014792405589346498, 0.013650120624121572, 0.010217239249895206, 0.009273137421078626
118, 0.42227618099764735, 0.013650120624121572, 0.2783542280653889, 0.009273137421078626
119, 0.015595673654064238, 0.013650120624121572, 0.010801863946316078, 0.009273137421078626
120, 0.34564580741926104, 0.013650120624121572, 0.22767291006053902, 0.009273137421078626
121, 0.021332929720262593, 0.013650120624121572, 0.013850258373998713, 0.009273137421078626
122, 0.37810881638092253, 0.013650120624121572, 0.24931241754489564, 0.009273137421078626
123, 0.17293746778354427, 0.013650120624121572, 0.11346682372296725, 0.009273137421078626
124, 0.013920166600920828, 0.013650120624121572, 0.009569507452448332, 0.009273137421078626
125, 0.4239288154485634, 0.013650120624121572, 0.279436978336384, 0.009273137421078626
126, 0.03871585650565573, 0.013650120624121572, 0.02547750586926942, 0.009273137421078626
127, 0.12774789854186103, 0.013650120624121572, 0.08370783143686922, 0.009273137421078626
128, 0.01618703661834975, 0.013650120624121572, 0.011210940906149816, 0.009273137421078626
129, 0.4116832025413369, 0.013650120624121572, 0.2714691151398754, 0.009273137421078626
130, 0.4191547420867082, 0.013650120624121572, 0.2763255570959253, 0.009273137421078626
131, 0.42130095453843847, 0.013650120624121572, 0.27770889914846497, 0.009273137421078626
132, 0.014027075512482468, 0.013650120624121572, 0.009220371410170925, 0.009273137421078626
133, 0.016616169081834352, 0.013650120624121572, 0.011525435967054973, 0.009273137421078626
134, 0.05264302601378268, 0.013650120624121572, 0.034313085223254707, 0.009273137421078626
135, 0.01672667643518575, 0.013650120624121572, 0.011601702893405577, 0.009273137421078626
136, 0.11382165353479615, 0.013650120624121572, 0.07426829656991245, 0.009273137421078626
137, 0.07646083118776431, 0.013650120624121572, 0.04978413589553293, 0.009273137421078626
138, 0.4126386486128225, 0.013650120624121572, 0.27201066107576155, 0.009273137421078626
139, 0.014803151117584217, 0.013650120624121572, 0.010124423637798714, 0.009273137421078626
140, 0.01879456827000959, 0.013650120624121572, 0.012417422245957007, 0.009273137421078626
141, 0.038326064725664556, 0.013650120624121572, 0.024764575885433376, 0.009273137421078626
142, 0.19761726499494991, 0.013650120624121572, 0.1298441925016753, 0.009273137421078626
143, 0.40935214717189056, 0.013650120624121572, 0.2699393155337261, 0.009273137421078626
144, 0.2987229633888118, 0.013650120624121572, 0.19681659668666815, 0.009273137421078626
145, 0.40702861855226263, 0.013650120624121572, 0.26836925615828205, 0.009273137421078626
146, 0.042879476532607964, 0.013650120624121572, 0.02782400679364644, 0.009273137421078626
147, 0.4053030757331485, 0.013650120624121572, 0.2671088745647251, 0.009273137421078626
148, 0.014145594886195934, 0.013650120624121572, 0.00962693665946865, 0.009273137421078626
149, 0.2976271593612386, 0.013650120624121572, 0.19601642632103092, 0.009273137421078626
150, 0.12815785148644243, 0.013650120624121572, 0.08395757551318561, 0.009273137421078626
151, 0.41148142608183086, 0.013650120624121572, 0.2713385133126958, 0.009273137421078626
152, 0.02740374701029247, 0.013650120624121572, 0.01782818866207961, 0.009273137421078626
153, 0.41169493049597183, 0.013650120624121572, 0.27140482859066994, 0.009273137421078626
154, 0.41633110503001586, 0.013650120624121572, 0.2744655336461957, 0.009273137421078626
155, 0.3335646480072487, 0.013650120624121572, 0.21970892639374773, 0.009273137421078626
156, 0.013722055817268106, 0.013650120624121572, 0.009441186905891293, 0.009273137421078626
157, 0.17583356556988305, 0.013650120624121572, 0.11550800364139084, 0.009273137421078626
158, 0.3497744196758469, 0.013650120624121572, 0.23031213233914372, 0.009273137421078626
159, 0.017028188395960847, 0.013650120624121572, 0.011813657781268498, 0.009273137421078626
160, 0.16018983522116198, 0.013650120624121572, 0.10504991107868074, 0.009273137421078626
161, 0.015841558199575334, 0.013650120624121572, 0.010842979835427764, 0.009273137421078626
162, 0.017097442186455987, 0.013650120624121572, 0.011864415527041636, 0.009273137421078626
163, 0.38424964515271415, 0.013650120624121572, 0.2534489416105619, 0.009273137421078626
164, 0.04346623763832095, 0.013650120624121572, 0.028184050536066388, 0.009273137421078626
165, 0.4153360776184375, 0.013650120624121572, 0.2738215133786573, 0.009273137421078626
166, 0.23263269332266343, 0.013650120624121572, 0.15298177172245733, 0.009273137421078626
167, 0.39667201774908745, 0.013650120624121572, 0.2615671174542277, 0.009273137421078626
168, 0.03417903021961879, 0.013650120624121572, 0.022085927424187177, 0.009273137421078626
169, 0.4211668828643958, 0.013650120624121572, 0.27761670950768047, 0.009273137421078626
170, 0.41078120991622796, 0.013650120624121572, 0.2708422128176749, 0.009273137421078626
171, 0.016787278707019217, 0.013650120624121572, 0.011363098443728396, 0.009273137421078626
172, 0.41937893585533514, 0.013650120624121572, 0.2764757177753547, 0.009273137421078626
173, 0.01638608763156221, 0.013650120624121572, 0.011159327375745534, 0.009273137421078626
174, 0.4130641824392089, 0.013650120624121572, 0.27230361821601795, 0.009273137421078626
175, 0.31178687583841996, 0.013650120624121572, 0.20548015985225024, 0.009273137421078626
176, 0.40817451538187594, 0.013650120624121572, 0.26913816971931975, 0.009273137421078626
177, 0.028921849543113488, 0.013650120624121572, 0.01880300833435094, 0.009273137421078626
178, 0.01432965726297349, 0.013650120624121572, 0.009895211236141148, 0.009273137421078626
179, 0.4258047892527353, 0.013650120624121572, 0.28069047401642755, 0.009273137421078626
180, 0.017594591063867376, 0.013650120624121572, 0.012214274665625005, 0.009273137421078626
181, 0.15862584321643022, 0.013650120624121572, 0.10398661269108354, 0.009273137421078626
182, 0.02074791511242172, 0.013650120624121572, 0.013888918864075941, 0.009273137421078626
183, 0.015856456748778724, 0.013650120624121572, 0.010897291189346438, 0.009273137421078626
184, 0.4095881513946866, 0.013650120624121572, 0.270086828632193, 0.009273137421078626
185, 0.014315250292440268, 0.013650120624121572, 0.009888908283543515, 0.009273137421078626
186, 0.4183443963894183, 0.013650120624121572, 0.2757631761711547, 0.009273137421078626
187, 0.38692349654290364, 0.013650120624121572, 0.25496014717482385, 0.009273137421078626
188, 0.4302033408224571, 0.013650120624121572, 0.2836239661520979, 0.009273137421078626
189, 0.2958666829710156, 0.013650120624121572, 0.19477088510330376, 0.009273137421078626
190, 0.41635148175474557, 0.013650120624121572, 0.27446519281889875, 0.009273137421078626
191, 0.016932349569405803, 0.013650120624121572, 0.011281091814095997, 0.009273137421078626
192, 0.01652352674749413, 0.013650120624121572, 0.011455593415665056, 0.009273137421078626
193, 0.014527462037614776, 0.013650120624121572, 0.009975633494515227, 0.009273137421078626
194, 0.015391064177713585, 0.013650120624121572, 0.010566402108477028, 0.009273137421078626
195, 0.33129586627131935, 0.013650120624121572, 0.218445994571713, 0.009273137421078626
196, 0.01761986330453629, 0.013650120624121572, 0.012193318439788395, 0.009273137421078626
197, 0.016676149324900833, 0.013650120624121572, 0.011432153161481178, 0.009273137421078626
198, 0.014014912874901983, 0.013650120624121572, 0.009591374420287848, 0.009273137421078626
199, 0.4140293218373426, 0.013650120624121572, 0.2729117550443753, 0.009273137421078626
200, 0.014834928294748473, 0.013650120624121572, 0.01025703881405483, 0.009273137421078626
201, 0.4054525778662898, 0.013650120624121572, 0.26721020480000907, 0.009273137421078626
202, 0.2737147710869385, 0.013650120624121572, 0.18014481616414305, 0.009273137421078626
203, 0.41585984999859366, 0.013650120624121572, 0.27413405354371184, 0.009273137421078626
204, 0.36383219847854287, 0.013650120624121572, 0.2399997291875511, 0.009273137421078626
205, 0.07030935351596786, 0.013650120624121572, 0.04575004215577843, 0.009273137421078626
206, 0.027424583123325047, 0.013650120624121572, 0.018041846441908992, 0.009273137421078626
207, 0.4177971046149562, 0.013650120624121572, 0.2753989832835269, 0.009273137421078626
208, 0.4142460269682305, 0.013650120624121572, 0.2731315486704216, 0.009273137421078626
209, 0.38044040883634284, 0.013650120624121572, 0.2508051924679388, 0.009273137421078626
210, 0.015013322979490554, 0.013650120624121572, 0.010390796350243156, 0.009273137421078626
211, 0.3988526457091414, 0.013650120624121572, 0.2629917734893984, 0.009273137421078626
212, 0.019431278066612, 0.013650120624121572, 0.01283727899910056, 0.009273137421078626
213, 0.42938117474044996, 0.013650120624121572, 0.28307186981417826, 0.009273137421078626
214, 0.4144237556969506, 0.013650120624121572, 0.27324459833703113, 0.009273137421078626
215, 0.018175654040034427, 0.013650120624121572, 0.012574652901042276, 0.009273137421078626
216, 0.015699326124907317, 0.013650120624121572, 0.01086239230588204, 0.009273137421078626
217, 0.018417965078897047, 0.013650120624121572, 0.01278607068036094, 0.009273137421078626
218, 0.014690928340998012, 0.013650120624121572, 0.010134168551874035, 0.009273137421078626
219, 0.019862865111911893, 0.013650120624121572, 0.013158094859639669, 0.009273137421078626
220, 0.015899377038045732, 0.013650120624121572, 0.01031820431694095, 0.009273137421078626
221, 0.10838196651956088, 0.013650120624121572, 0.07072170769153187, 0.009273137421078626
222, 0.016605580919413696, 0.013650120624121572, 0.011483501984321326, 0.009273137421078626
223, 0.015722496758436295, 0.013650120624121572, 0.01084029101971061, 0.009273137421078626
224, 0.06200843781389727, 0.013650120624121572, 0.040358850055676944, 0.009273137421078626
225, 0.22021275506819163, 0.013650120624121572, 0.1448271070356992, 0.009273137421078626
226, 0.01698066173318142, 0.013650120624121572, 0.011779434723738852, 0.009273137421078626
227, 0.4231856253512228, 0.013650120624121572, 0.2789375103920148, 0.009273137421078626
228, 0.016731664800562613, 0.013650120624121572, 0.011595236038699821, 0.009273137421078626
229, 0.3879969177963649, 0.013650120624121572, 0.2556934996867349, 0.009273137421078626
230, 0.1402237250811094, 0.013650120624121572, 0.09161394241899341, 0.009273137421078626
231, 0.018975841237443104, 0.013650120624121572, 0.012813672418056215, 0.009273137421078626
232, 0.42372829982102006, 0.013650120624121572, 0.2793255545695053, 0.009273137421078626
233, 0.385129925689663, 0.013650120624121572, 0.2540109202677872, 0.009273137421078626
234, 0.2786764927085518, 0.013650120624121572, 0.18358199915813858, 0.009273137421078626
235, 0.32375935578806625, 0.013650120624121572, 0.21340377594519, 0.009273137421078626
236, 0.29355974289762066, 0.013650120624121572, 0.1932664518663881, 0.009273137421078626
237, 0.014095375405570204, 0.013650120624121572, 0.009493024008052194, 0.009273137421078626
238, 0.23305504513815656, 0.013650120624121572, 0.15329635624809554, 0.009273137421078626
239, 0.4215952520887843, 0.013650120624121572, 0.2778838765152732, 0.009273137421078626
240, 0.017118644516244255, 0.013650120624121572, 0.011877676553809351, 0.009273137421078626
241, 0.013916448951432655, 0.013650120624121572, 0.009576386683614515, 0.009273137421078626
242, 0.2191519085503323, 0.013650120624121572, 0.14412454221465013, 0.009273137421078626
243, 0.024689799808666348, 0.013650120624121572, 0.016186687081535287, 0.009273137421078626
244, 0.01771485128548871, 0.013650120624121572, 0.012271299838733067, 0.009273137421078626
245, 0.09856184987585546, 0.013650120624121572, 0.06420568252523697, 0.009273137421078626
246, 0.41583630214860906, 0.013650120624121572, 0.2741517390662717, 0.009273137421078626
247, 0.09752295936448088, 0.013650120624121572, 0.06371952452137318, 0.009273137421078626
248, 0.4100718039787583, 0.013650120624121572, 0.27038344583178275, 0.009273137421078626
249, 0.24709811639216966, 0.013650120624121572, 0.16253169131602252, 0.009273137421078626
250, 0.24225003234323386, 0.013650120624121572, 0.1593483916399177, 0.009273137421078626
251, 0.4114067052468734, 0.013650120624121572, 0.27125805663248154, 0.009273137421078626
252, 0.4165955668692649, 0.013650120624121572, 0.2746332854106252, 0.009273137421078626
253, 0.40286869235254785, 0.013650120624121572, 0.2655463414247936, 0.009273137421078626
254, 0.014503467117830926, 0.013650120624121572, 0.010022573449904251, 0.009273137421078626
255, 0.016661795043990273, 0.013650120624121572, 0.011503316086429217, 0.009273137421078626
256, 0.017001507991237938, 0.013650120624121572, 0.011791092633348545, 0.009273137421078626
257, 0.37028069703090183, 0.013650120624121572, 0.24423049018611756, 0.009273137421078626
258, 0.41353113386069157, 0.013650120624121572, 0.2726889228641935, 0.009273137421078626
259, 0.020135527116011066, 0.013650120624121572, 0.013321746451869098, 0.009273137421078626
260, 0.013134514418670293, 0.013134514418670293, 0.009017845793433165, 0.009017845793433165
261, 0.013342443596604343, 0.013134514418670293, 0.009153219918992381, 0.009017845793433165
262, 0.20897330021953403, 0.013134514418670293, 0.13728942375425565, 0.009017845793433165
263, 0.4101304701771821, 0.013134514418670293, 0.270451162849986, 0.009017845793433165
264, 0.015542682421341499, 0.013134514418670293, 0.010260710995926984, 0.009017845793433165
265, 0.41321449574088176, 0.013134514418670293, 0.272459684276192, 0.009017845793433165
266, 0.017473805092663084, 0.013134514418670293, 0.012125713428868723, 0.009017845793433165
267, 0.03031440396997266, 0.013134514418670293, 0.01968430536454874, 0.009017845793433165
268, 0.41508126205976004, 0.013134514418670293, 0.2736409347065371, 0.009017845793433165
269, 0.017634251718307216, 0.013134514418670293, 0.01224034771613096, 0.009017845793433165
270, 0.015360736425201752, 0.013134514418670293, 0.010525485486163085, 0.009017845793433165
271, 0.07582409516730261, 0.013134514418670293, 0.04930266569240654, 0.009017845793433165
272, 0.03367996316171517, 0.013134514418670293, 0.021905193110706943, 0.009017845793433165
273, 0.01645347817122495, 0.013134514418670293, 0.011241701854376283, 0.009017845793433165
274, 0.3924107653563871, 0.013134514418670293, 0.2588052331944765, 0.009017845793433165
275, 0.4213456745453462, 0.013134514418670293, 0.27781999669247165, 0.009017845793433165
276, 0.41136023420744494, 0.013134514418670293, 0.27116596300334195, 0.009017845793433165
277, 0.018733097226148316, 0.013134514418670293, 0.01241094991391016, 0.009017845793433165
278, 0.2901937513897933, 0.013134514418670293, 0.1911109496657276, 0.009017845793433165
279, 0.4144670146279782, 0.013134514418670293, 0.2732471882649779, 0.009017845793433165
280, 0.4149924232550425, 0.013134514418670293, 0.2736355722372095, 0.009017845793433165
281, 0.2010466687149188, 0.013134514418670293, 0.13210456471242546, 0.009017845793433165
282, 0.4218631461555601, 0.013134514418670293, 0.2780971498857228, 0.009017845793433165
283, 0.4219763035194763, 0.013134514418670293, 0.2782155174439573, 0.009017845793433165
284, 0.01641745394262106, 0.013134514418670293, 0.01137723448343942, 0.009017845793433165
285, 0.03594991943887726, 0.013134514418670293, 0.023245988263076684, 0.009017845793433165
286, 0.16236884677544114, 0.013134514418670293, 0.10644326700219826, 0.009017845793433165
287, 0.014796390052439318, 0.013134514418670293, 0.010209279730915344, 0.009017845793433165
288, 0.3293647689586351, 0.013134514418670293, 0.2171819996413197, 0.009017845793433165
289, 0.3293647689586351, 0.013134514418670293, 0.2171819996413197, 0.009017845793433165
290, 0.013992175076096599, 0.013134514418670293, 0.009619692488006067, 0.009017845793433165
291, 0.0926066373628802, 0.013134514418670293, 0.060412704930800504, 0.009017845793433165
292, 0.017260223956875702, 0.013134514418670293, 0.011972538114349162, 0.009017845793433165
293, 0.4158221752985275, 0.013134514418670293, 0.27414024898253136, 0.009017845793433165
294, 0.015203023619104418, 0.013134514418670293, 0.01045413915210928, 0.009017845793433165
295, 0.385042992282437, 0.013134514418670293, 0.2539153576655003, 0.009017845793433165
296, 0.3680750152753046, 0.013134514418670293, 0.24274598572886166, 0.009017845793433165
297, 0.01844131035860779, 0.013134514418670293, 0.01207833812250747, 0.009017845793433165
298, 0.3667324589083525, 0.013134514418670293, 0.24173543742391798, 0.009017845793433165
299, 0.02496821362999194, 0.013134514418670293, 0.016093997649250815, 0.009017845793433165
300, 0.3741225158241956, 0.013134514418670293, 0.24672675077190018, 0.009017845793433165
301, 0.4231261935452742, 0.013134514418670293, 0.2789014364210299, 0.009017845793433165
302, 0.03085798981842689, 0.013134514418670293, 0.020319125579419513, 0.009017845793433165
303, 0.1581409847590914, 0.013134514418670293, 0.10409335392830621, 0.009017845793433165
304, 0.4215826100695206, 0.013134514418670293, 0.27794324120522423, 0.009017845793433165
305, 0.3332085071031753, 0.013134514418670293, 0.2196538148650773, 0.009017845793433165
306, 0.41168658127328156, 0.013134514418670293, 0.2714006208250362, 0.009017845793433165
307, 0.4104919210020858, 0.013134514418670293, 0.2706687099415188, 0.009017845793433165
308, 0.4064280530394397, 0.013134514418670293, 0.2680142917553293, 0.009017845793433165
309, 0.01780818369977415, 0.013134514418670293, 0.011951306137010351, 0.009017845793433165
310, 0.4232516321568183, 0.013134514418670293, 0.27904310779479546, 0.009017845793433165
311, 0.4234982553108773, 0.013134514418670293, 0.2791720343461306, 0.009017845793433165
312, 0.21671619595714128, 0.013134514418670293, 0.1424357891547178, 0.009017845793433165
313, 0.017338738103152035, 0.013134514418670293, 0.011206156927462784, 0.009017845793433165
314, 0.15384375506649062, 0.013134514418670293, 0.10100818768766563, 0.009017845793433165
315, 0.06422724081241978, 0.013134514418670293, 0.04185559773732032, 0.009017845793433165
316, 0.03392427079990631, 0.013134514418670293, 0.022230051867151008, 0.009017845793433165
317, 0.01637364750401832, 0.013134514418670293, 0.01135241678728909, 0.009017845793433165
318, 0.3693223916845693, 0.013134514418670293, 0.24338628026679796, 0.009017845793433165
319, 0.014647555574309804, 0.013134514418670293, 0.010009452818123805, 0.009017845793433165
320, 0.40369416941512404, 0.013134514418670293, 0.2662087497237311, 0.009017845793433165
321, 0.02570527056257225, 0.013134514418670293, 0.01654354534123152, 0.009017845793433165
322, 0.015616795278957374, 0.013134514418670293, 0.010817061929545672, 0.009017845793433165
323, 0.41327804530621387, 0.013134514418670293, 0.2724796609302927, 0.009017845793433165
324, 0.36984081139247815, 0.013134514418670293, 0.24385154242415408, 0.009017845793433165
325, 0.4029030531671469, 0.013134514418670293, 0.26566567421804693, 0.009017845793433165
326, 0.4299486640852929, 0.013134514418670293, 0.28346353543687614, 0.009017845793433165
327, 0.41747800212925473, 0.013134514418670293, 0.27521017148674143, 0.009017845793433165
328, 0.015485358086432909, 0.013134514418670293, 0.010722636935653148, 0.009017845793433165
329, 0.014646523105665124, 0.013134514418670293, 0.010126311889187818, 0.009017845793433165
330, 0.018400721210556473, 0.013134514418670293, 0.012489734376287432, 0.009017845793433165
331, 0.39862256737387075, 0.013134514418670293, 0.2627764723135393, 0.009017845793433165
332, 0.021781581317497925, 0.013134514418670293, 0.014622175466940139, 0.009017845793433165
333, 0.016221643390669567, 0.013134514418670293, 0.01122305876919692, 0.009017845793433165
334, 0.41156967748058243, 0.013134514418670293, 0.27134324908997787, 0.009017845793433165
335, 0.41864129531619615, 0.013134514418670293, 0.27603133407289965, 0.009017845793433165
336, 0.4184947119200793, 0.013134514418670293, 0.2758837577441473, 0.009017845793433165
337, 0.05869553764106766, 0.013134514418670293, 0.038285179860577875, 0.009017845793433165
338, 0.07394336309919855, 0.013134514418670293, 0.04819437761087388, 0.009017845793433165
339, 0.05100910974701258, 0.013134514418670293, 0.03315369170338118, 0.009017845793433165
340, 0.014555181197927263, 0.013134514418670293, 0.01006698448741024, 0.009017845793433165
341, 0.05952744691402444, 0.013134514418670293, 0.0386367446882214, 0.009017845793433165
342, 0.09719543860651607, 0.013134514418670293, 0.06363475408209489, 0.009017845793433165
343, 0.16982159248992632, 0.013134514418670293, 0.11129594676101184, 0.009017845793433165
344, 0.013583775961420465, 0.013134514418670293, 0.009362103330285716, 0.009017845793433165
345, 0.41520040209187775, 0.013134514418670293, 0.2737384235029225, 0.009017845793433165
346, 0.01703137993144184, 0.013134514418670293, 0.01159616504350596, 0.009017845793433165
347, 0.41160071007365945, 0.013134514418670293, 0.27141020987740017, 0.009017845793433165
348, 0.16582042670846103, 0.013134514418670293, 0.10867441816807714, 0.009017845793433165
349, 0.014794986834164251, 0.013134514418670293, 0.01008180267890143, 0.009017845793433165
350, 0.40810307482633557, 0.013134514418670293, 0.2690696899292136, 0.009017845793433165
351, 0.3675583495452485, 0.013134514418670293, 0.24243072689065245, 0.009017845793433165
352, 0.014898035482872517, 0.013134514418670293, 0.010291292897388924, 0.009017845793433165
353, 0.1271599603317154, 0.013134514418670293, 0.08303110089819282, 0.009017845793433165
354, 0.08552905899535904, 0.013134514418670293, 0.05558391738445803, 0.009017845793433165
355, 0.015968059684692427, 0.013134514418670293, 0.0110602750643978, 0.009017845793433165
356, 0.41319650127723795, 0.013134514418670293, 0.272448875365441, 0.009017845793433165
357, 0.04315520646210511, 0.013134514418670293, 0.02806549327728751, 0.009017845793433165
358, 0.41831924371935, 0.013134514418670293, 0.2757747312895769, 0.009017845793433165
359, 0.016148567595210345, 0.013134514418670293, 0.01115376444679171, 0.009017845793433165
360, 0.015847954837155686, 0.013134514418670293, 0.010810010237791184, 0.009017845793433165
361, 0.10941929773083346, 0.013134514418670293, 0.07132569346469197, 0.009017845793433165
362, 0.013564623269407302, 0.013134514418670293, 0.00935558230181213, 0.009017845793433165
363, 0.41641502518188656, 0.013134514418670293, 0.27450553643801184, 0.009017845793433165
364, 0.01361733991416549, 0.013134514418670293, 0.00934636878785971, 0.009017845793433165
365, 0.08046510567820146, 0.013134514418670293, 0.05225969374507169, 0.009017845793433165
366, 0.40485383335181263, 0.013134514418670293, 0.2669378175080174, 0.009017845793433165
367, 0.015407142525594072, 0.013134514418670293, 0.010650085468881453, 0.009017845793433165
368, 0.015012898651537073, 0.013134514418670293, 0.009917326114185122, 0.009017845793433165
369, 0.4162791061923598, 0.013134514418670293, 0.2744271491193777, 0.009017845793433165
370, 0.4115206238082177, 0.013134514418670293, 0.27135487345401366, 0.009017845793433165
371, 0.2560102704300999, 0.013134514418670293, 0.16840677897359946, 0.009017845793433165
372, 0.3397907809943916, 0.013134514418670293, 0.22406255313277293, 0.009017845793433165
373, 0.40980680628706967, 0.013134514418670293, 0.2701944606724768, 0.009017845793433165
374, 0.021352417877173686, 0.013134514418670293, 0.013741104273442786, 0.009017845793433165
375, 0.41518948609925743, 0.013134514418670293, 0.27375235758699595, 0.009017845793433165
376, 0.4175513195440833, 0.013134514418670293, 0.2753170367255253, 0.009017845793433165
377, 0.06870250719046835, 0.013134514418670293, 0.04470598003483255, 0.009017845793433165
378, 0.014811604623644219, 0.013134514418670293, 0.0102425829335478, 0.009017845793433165
379, 0.11614677415232366, 0.013134514418670293, 0.07626397880428622, 0.009017845793433165
380, 0.41466809598525756, 0.013134514418670293, 0.2733950801583331, 0.009017845793433165
381, 0.4253707780980361, 0.013134514418670293, 0.2804326957477903, 0.009017845793433165
382, 0.013776082181477422, 0.013134514418670293, 0.009479278709963282, 0.009017845793433165
383, 0.0451766057796763, 0.013134514418670293, 0.029328478595999127, 0.009017845793433165
384, 0.4128411543743002, 0.013134514418670293, 0.2721688922333864, 0.009017845793433165
385, 0.01513398466999096, 0.013134514418670293, 0.010154215492805992, 0.009017845793433165
386, 0.015459803749052687, 0.013134514418670293, 0.010708106150791144, 0.009017845793433165
387, 0.38570285035385166, 0.013134514418670293, 0.25438685935471184, 0.009017845793433165
388, 0.4198015467946126, 0.013134514418670293, 0.276799698473749, 0.009017845793433165
389, 0.017563885787677733, 0.013134514418670293, 0.012182407175908119, 0.009017845793433165
390, 0.018169864487465246, 0.013134514418670293, 0.012614600323545949, 0.009017845793433165
391, 0.22519703225749527, 0.013134514418670293, 0.14807508699446828, 0.009017845793433165
392, 0.4144197300586087, 0.013134514418670293, 0.2731888591914857, 0.009017845793433165
393, 0.41118012444346486, 0.013134514418670293, 0.2711069976039384, 0.009017845793433165
394, 0.4167184174012809, 0.013134514418670293, 0.27471396423643474, 0.009017845793433165
395, 0.3825727263823706, 0.013134514418670293, 0.2520162053386196, 0.009017845793433165
396, 0.41473598742270323, 0.013134514418670293, 0.27345392646334193, 0.009017845793433165
397, 0.11812168186631218, 0.013134514418670293, 0.07775604253595894, 0.009017845793433165
398, 0.417587579359743, 0.013134514418670293, 0.27531827084026883, 0.009017845793433165
399, 0.015586332621511266, 0.013134514418670293, 0.010469758821653005, 0.009017845793433165
400, 0.3817812467916829, 0.013134514418670293, 0.25180519645218175, 0.009017845793433165
401, 0.27853176091085763, 0.013134514418670293, 0.18344399182966262, 0.009017845793433165
402, 0.04189834380019199, 0.013134514418670293, 0.027127539113729348, 0.009017845793433165
403, 0.4147507994163647, 0.013134514418670293, 0.27343534373007694, 0.009017845793433165
404, 0.01671994300194529, 0.013134514418670293, 0.011597518638655033, 0.009017845793433165
405, 0.4209590424507002, 0.013134514418670293, 0.2774822230305367, 0.009017845793433165
406, 0.15728226774893872, 0.013134514418670293, 0.10345982537834847, 0.009017845793433165
407, 0.139135001087365, 0.013134514418670293, 0.09144647300516136, 0.009017845793433165
408, 0.015005313753715641, 0.013134514418670293, 0.010382155289702965, 0.009017845793433165
409, 0.019814067161233913, 0.013134514418670293, 0.013082399118787872, 0.009017845793433165
410, 0.023567563237309703, 0.013134514418670293, 0.015142845243311066, 0.009017845793433165
411, 0.014910704188969616, 0.013134514418670293, 0.010050281611144865, 0.009017845793433165
412, 0.015952608197609533, 0.013134514418670293, 0.010986710638146496, 0.009017845793433165
413, 0.4165418296463695, 0.013134514418670293, 0.2746457228330268, 0.009017845793433165
414, 0.3814235939930887, 0.013134514418670293, 0.2515240609279034, 0.009017845793433165
415, 0.0561113838926498, 0.013134514418670293, 0.036636484169297615, 0.009017845793433165
416, 0.4237783950528504, 0.013134514418670293, 0.27935259561202747, 0.009017845793433165
417, 0.014866204647654733, 0.013134514418670293, 0.010159165314552703, 0.009017845793433165
418, 0.021039928357908896, 0.013134514418670293, 0.013935849601526008, 0.009017845793433165
419, 0.4091353712245477, 0.013134514418670293, 0.26974438993973426, 0.009017845793433165
420, 0.4162533269008591, 0.013134514418670293, 0.2744164481971391, 0.009017845793433165
421, 0.01485769204280713, 0.013134514418670293, 0.009977641510518337, 0.009017845793433165
422, 0.10074791364955425, 0.013134514418670293, 0.06558662258701066, 0.009017845793433165
423, 0.01587014030270707, 0.013134514418670293, 0.010860848308093514, 0.009017845793433165
424, 0.014822969990716077, 0.013134514418670293, 0.010244075706888406, 0.009017845793433165
425, 0.01540385284731622, 0.013134514418670293, 0.010460200998198756, 0.009017845793433165
426, 0.01798459376969625, 0.013134514418670293, 0.011927319958185792, 0.009017845793433165
427, 0.3265447816144633, 0.013134514418670293, 0.21517084221383617, 0.009017845793433165
428, 0.07138860121929078, 0.013134514418670293, 0.04638221553412825, 0.009017845793433165
429, 0.4023996348007215, 0.013134514418670293, 0.2653046624497212, 0.009017845793433165
430, 0.4023996348007215, 0.013134514418670293, 0.2653046624497212, 0.009017845793433165
431, 0.016075203594042204, 0.013134514418670293, 0.011142363597724888, 0.009017845793433165
432, 0.4155917592088724, 0.013134514418670293, 0.27401790021012973, 0.009017845793433165
433, 0.4155917592088724, 0.013134514418670293, 0.27401790021012973, 0.009017845793433165
434, 0.13420773605223638, 0.013134514418670293, 0.08839655559854472, 0.009017845793433165
435, 0.316555106557396, 0.013134514418670293, 0.20833219287548252, 0.009017845793433165
436, 0.01732995394046229, 0.013134514418670293, 0.011988524542319093, 0.009017845793433165
437, 0.1964172679511157, 0.013134514418670293, 0.1291265971705136, 0.009017845793433165
438, 0.4258693331373774, 0.013134514418670293, 0.2807794762315343, 0.009017845793433165
439, 0.39505755553857, 0.013134514418670293, 0.2604901528674822, 0.009017845793433165
440, 0.19635329624855757, 0.013134514418670293, 0.1291432642853266, 0.009017845793433165
441, 0.022436205646005666, 0.013134514418670293, 0.014846948750856221, 0.009017845793433165
442, 0.07740708085052718, 0.013134514418670293, 0.050535812521756436, 0.009017845793433165
443, 0.3668913058900812, 0.013134514418670293, 0.24191491190804695, 0.009017845793433165
444, 0.21399681307855292, 0.013134514418670293, 0.14066444309451148, 0.009017845793433165
445, 0.2957149975482806, 0.013134514418670293, 0.19484196287554434, 0.009017845793433165
446, 0.3398120689258029, 0.013134514418670293, 0.22410353335928967, 0.009017845793433165
447, 0.016691835102336947, 0.013134514418670293, 0.0115554267328158, 0.009017845793433165
448, 0.4208039380183359, 0.013134514418670293, 0.2774079465079949, 0.009017845793433165
449, 0.016746449239426864, 0.013134514418670293, 0.011588603004728935, 0.009017845793433165
450, 0.39125766963203396, 0.013134514418670293, 0.25802648382328575, 0.009017845793433165
451, 0.023956370882244976, 0.013134514418670293, 0.015770951170618327, 0.009017845793433165
452, 0.4176657418827771, 0.013134514418670293, 0.2753318885243356, 0.009017845793433165
453, 0.4195549891698369, 0.013134514418670293, 0.2766243952371799, 0.009017845793433165
454, 0.019149544943523805, 0.013134514418670293, 0.012680362284890091, 0.009017845793433165
455, 0.032706225073477604, 0.013134514418670293, 0.02115359502376539, 0.009017845793433165
456, 0.1625480044377109, 0.013134514418670293, 0.10707684017085885, 0.009017845793433165
457, 0.41358549572939474, 0.013134514418670293, 0.27266341235980535, 0.009017845793433165
458, 0.11168362427765258, 0.013134514418670293, 0.07280250654952472, 0.009017845793433165
459, 0.015076271449844868, 0.013134514418670293, 0.010433034018149342, 0.009017845793433165
460, 0.016122434039588927, 0.013134514418670293, 0.01117301382999064, 0.009017845793433165
461, 0.018502637171235254, 0.013134514418670293, 0.012244285403431072, 0.009017845793433165
462, 0.408953153217457, 0.013134514418670293, 0.26968957765330054, 0.009017845793433165
463, 0.06949581335474073, 0.013134514418670293, 0.04533951385946213, 0.009017845793433165
464, 0.014329705471068703, 0.013134514418670293, 0.00988463255691889, 0.009017845793433165
465, 0.014177384587273016, 0.013134514418670293, 0.009787269553820492, 0.009017845793433165
466, 0.016943368327123447, 0.013134514418670293, 0.01173757670047941, 0.009017845793433165
467, 0.41819684664489454, 0.013134514418670293, 0.27568924413871726, 0.009017845793433165
468, 0.3026651293812087, 0.013134514418670293, 0.19940957714119453, 0.009017845793433165
469, 0.016869503587079386, 0.013134514418670293, 0.011500785710093732, 0.009017845793433165
470, 0.01600148426959552, 0.013134514418670293, 0.011089263445277324, 0.009017845793433165
471, 0.02754006339044356, 0.013134514418670293, 0.018001794850841624, 0.009017845793433165
472, 0.013978358079494695, 0.013134514418670293, 0.009539254871191862, 0.009017845793433165
473, 0.015932948668817858, 0.013134514418670293, 0.010999614392639205, 0.009017845793433165
474, 0.05780803867921007, 0.013134514418670293, 0.037494803250147035, 0.009017845793433165
475, 0.02957788074412843, 0.013134514418670293, 0.019074912109792997, 0.009017845793433165
476, 0.42824227189524383, 0.013134514418670293, 0.28231195662346065, 0.009017845793433165
477, 0.014739808474104875, 0.013134514418670293, 0.009945628860113853, 0.009017845793433165
478, 0.3437219910539026, 0.013134514418670293, 0.2266634550345472, 0.009017845793433165
479, 0.09904254878097604, 0.013134514418670293, 0.06472703661404128, 0.009017845793433165
480, 0.3787986776462958, 0.013134514418670293, 0.2496600946663394, 0.009017845793433165
481, 0.0762150540776911, 0.013134514418670293, 0.049955648185333705, 0.009017845793433165
482, 0.2263374576389944, 0.013134514418670293, 0.14881948249639756, 0.009017845793433165
483, 0.4115903705594809, 0.013134514418670293, 0.2713392252306048, 0.009017845793433165
484, 0.16503120945332134, 0.013134514418670293, 0.10857783199948358, 0.009017845793433165
485, 0.41306150953855697, 0.013134514418670293, 0.27237738477211154, 0.009017845793433165
486, 0.41744379024214684, 0.013134514418670293, 0.27519215402564184, 0.009017845793433165
487, 0.27367322408410816, 0.013134514418670293, 0.18012983725680468, 0.009017845793433165
488, 0.09142470729501895, 0.013134514418670293, 0.05950494667452596, 0.009017845793433165
489, 0.14166510107701508, 0.013134514418670293, 0.09294127712137724, 0.009017845793433165
490, 0.20673731680405774, 0.013134514418670293, 0.13586943872737103, 0.009017845793433165
491, 0.41294970458908964, 0.013134514418670293, 0.2722337987410637, 0.009017845793433165
492, 0.01548812167642648, 0.013134514418670293, 0.010706460434207886, 0.009017845793433165
493, 0.40265961504544867, 0.013134514418670293, 0.26554117650990994, 0.009017845793433165
494, 0.4313853585404539, 0.013134514418670293, 0.28440235019639887, 0.009017845793433165
495, 0.37894799190526046, 0.013134514418670293, 0.24968809307249087, 0.009017845793433165
496, 0.01891745068659184, 0.013134514418670293, 0.0124526651171656, 0.009017845793433165
497, 0.01677713025435835, 0.013134514418670293, 0.011639108452831906, 0.009017845793433165
498, 0.27767853498934214, 0.013134514418670293, 0.18280842296521796, 0.009017845793433165
499, 0.016741581571658202, 0.013134514418670293, 0.011603014321111604, 0.009017845793433165
500, 0.41651032696734075, 0.013134514418670293, 0.2746024350975189, 0.009017845793433165
501, 0.28268515143566064, 0.013134514418670293, 0.18616362014849694, 0.009017845793433165
502, 0.016984384533943145, 0.013134514418670293, 0.011716083790135652, 0.009017845793433165
503, 0.014589347453136184, 0.013134514418670293, 0.010059190413742355, 0.009017845793433165
504, 0.014958995502235143, 0.013134514418670293, 0.010310407834216355, 0.009017845793433165
505, 0.01689479266222912, 0.013134514418670293, 0.011660592114856353, 0.009017845793433165
506, 0.21917376084532433, 0.013134514418670293, 0.14410467838290886, 0.009017845793433165
507, 0.40611072077015875, 0.013134514418670293, 0.2677666802952506, 0.009017845793433165
508, 0.25794313272856484, 0.013134514418670293, 0.16977167157054607, 0.009017845793433165
509, 0.4120391240765284, 0.013134514418670293, 0.2716871884544504, 0.009017845793433165
510, 0.01676609493993547, 0.013134514418670293, 0.011600496333738266, 0.009017845793433165
511, 0.2453087840735324, 0.013134514418670293, 0.1614276903134219, 0.009017845793433165
512, 0.12471122818950493, 0.013134514418670293, 0.08144836643484482, 0.009017845793433165
513, 0.0199253149378147, 0.013134514418670293, 0.013236609022614832, 0.009017845793433165
514, 0.3951080791074879, 0.013134514418670293, 0.260529527154907, 0.009017845793433165
515, 0.017192089343106932, 0.013134514418670293, 0.01191159204484093, 0.009017845793433165
516, 0.1956727061638277, 0.013134514418670293, 0.12861239193283983, 0.009017845793433165
517, 0.10442257989950786, 0.013134514418670293, 0.06868860074566165, 0.009017845793433165
518, 0.016199307673372954, 0.013134514418670293, 0.011113221590736846, 0.009017845793433165
519, 0.013494331379318153, 0.013134514418670293, 0.008906288846607128, 0.009017845793433165
520, 0.4233592370701297, 0.013134514418670293, 0.27913678681450854, 0.009017845793433165
521, 0.019707745044352958, 0.013134514418670293, 0.01309763706273222, 0.009017845793433165
522, 0.20461962090631505, 0.013134514418670293, 0.13449193923151023, 0.009017845793433165
523, 0.41079971923164216, 0.013134514418670293, 0.27081376299371746, 0.009017845793433165
524, 0.015558115646021142, 0.013134514418670293, 0.010787043173578646, 0.009017845793433165
525, 0.04560420607123623, 0.013134514418670293, 0.02952509083779749, 0.009017845793433165
526, 0.015274324547109716, 0.013134514418670293, 0.01011003524606143, 0.009017845793433165
527, 0.40621677039179727, 0.013134514418670293, 0.2678452716615529, 0.009017845793433165
528, 0.01710952593686753, 0.013134514418670293, 0.011861945719736063, 0.009017845793433165
529, 0.017787205233477675, 0.013134514418670293, 0.012353221100133349, 0.009017845793433165
530, 0.4233081525593826, 0.013134514418670293, 0.2790665131769116, 0.009017845793433165
531, 0.013879428273299523, 0.013134514418670293, 0.009521222575084032, 0.009017845793433165
532, 0.33265876002945166, 0.013134514418670293, 0.21914767248864828, 0.009017845793433165
533, 0.4174251737997784, 0.013134514418670293, 0.27520874711689214, 0.009017845793433165
534, 0.15482225181223128, 0.013134514418670293, 0.10139936125432075, 0.009017845793433165
535, 0.24597977864817488, 0.013134514418670293, 0.1618574179607734, 0.009017845793433165
536, 0.0555943843749147, 0.013134514418670293, 0.03611654658904844, 0.009017845793433165
537, 0.1876715693780003, 0.013134514418670293, 0.12336770724073541, 0.009017845793433165
538, 0.23018624731037576, 0.013134514418670293, 0.15138220150019904, 0.009017845793433165
539, 0.1624897617694583, 0.013134514418670293, 0.10665694951332838, 0.009017845793433165
540, 0.4093783336367317, 0.013134514418670293, 0.26990445468572793, 0.009017845793433165
541, 0.0263163392469915, 0.013134514418670293, 0.017279863232085125, 0.009017845793433165
542, 0.40150034169211907, 0.013134514418670293, 0.2646288402959173, 0.009017845793433165
543, 0.4095071404887247, 0.013134514418670293, 0.27000445300782056, 0.009017845793433165
544, 0.01612656421268603, 0.013134514418670293, 0.011166637379004833, 0.009017845793433165
545, 0.39746997715092297, 0.013134514418670293, 0.2620813773057194, 0.009017845793433165
546, 0.23271253037642145, 0.013134514418670293, 0.15307565762747444, 0.009017845793433165
547, 0.12027590610678623, 0.013134514418670293, 0.07845171039545325, 0.009017845793433165
548, 0.16388204556539962, 0.013134514418670293, 0.10786054764923216, 0.009017845793433165
549, 0.014556222619359323, 0.013134514418670293, 0.010059297853808245, 0.009017845793433165
550, 0.015210427627845908, 0.013134514418670293, 0.01051781538922683, 0.009017845793433165
551, 0.10546781629994234, 0.013134514418670293, 0.06867300743850875, 0.009017845793433165
552, 0.42644187681766527, 0.013134514418670293, 0.2811080900512695, 0.009017845793433165
553, 0.2600897090427833, 0.013134514418670293, 0.17125814389260388, 0.009017845793433165
554, 0.4230287796772932, 0.013134514418670293, 0.2788748460733799, 0.009017845793433165
555, 0.110141896882498, 0.013134514418670293, 0.07189398004350663, 0.009017845793433165
556, 0.016158886248355524, 0.013134514418670293, 0.011105638825448606, 0.009017845793433165
557, 0.41017170150821625, 0.013134514418670293, 0.2704402531651118, 0.009017845793433165
558, 0.014438169877100763, 0.013134514418670293, 0.009967827343826802, 0.009017845793433165
559, 0.4059923108756904, 0.013134514418670293, 0.2677000970036888, 0.009017845793433165
560, 0.10306457421808994, 0.013134514418670293, 0.067128543330525, 0.009017845793433165
561, 0.022974116905559384, 0.013134514418670293, 0.015080921291976338, 0.009017845793433165
562, 0.41266740195945845, 0.013134514418670293, 0.27211618796092707, 0.009017845793433165
563, 0.3921316938578323, 0.013134514418670293, 0.258515968634515, 0.009017845793433165
564, 0.41849121723262867, 0.013134514418670293, 0.2758975400026242, 0.009017845793433165
565, 0.41684644151276823, 0.013134514418670293, 0.2748339879961592, 0.009017845793433165
566, 0.01383663609849179, 0.013134514418670293, 0.00942241559729067, 0.009017845793433165
567, 0.013262655911971788, 0.013134514418670293, 0.009115423601969678, 0.009017845793433165
568, 0.399588240934018, 0.013134514418670293, 0.263547794252794, 0.009017845793433165
569, 0.3166955172040308, 0.013134514418670293, 0.20872655055310474, 0.009017845793433165
570, 0.015026146109290149, 0.013134514418670293, 0.010249213368035326, 0.009017845793433165
571, 0.4271625579795435, 0.013134514418670293, 0.28161550439647726, 0.009017845793433165
572, 0.31949510165763734, 0.013134514418670293, 0.2104135049995971, 0.009017845793433165
573, 0.013907763118913303, 0.013134514418670293, 0.009489476967966481, 0.009017845793433165
574, 0.026537619542279362, 0.013134514418670293, 0.017199036819386896, 0.009017845793433165
575, 0.04525772134187378, 0.013134514418670293, 0.02938886947218007, 0.009017845793433165
576, 0.2384797478149695, 0.013134514418670293, 0.15685789422837856, 0.009017845793433165
577, 0.014061468729181993, 0.013134514418670293, 0.009694326117382149, 0.009017845793433165
578, 0.32567678632812747, 0.013134514418670293, 0.21464582197723892, 0.009017845793433165
579, 0.01690212393167377, 0.013134514418670293, 0.011719555985005044, 0.009017845793433165
580, 0.015931195299307033, 0.013134514418670293, 0.01104379174328859, 0.009017845793433165
581, 0.015425431071903802, 0.013134514418670293, 0.01066302557000372, 0.009017845793433165
582, 0.039931031055191885, 0.013134514418670293, 0.025848854902994194, 0.009017845793433165
583, 0.016449052067642106, 0.013134514418670293, 0.011412935373826651, 0.009017845793433165
584, 0.01430511800736654, 0.013134514418670293, 0.009721513619210571, 0.009017845793433165
585, 0.2392913242430473, 0.013134514418670293, 0.1574107480192925, 0.009017845793433165
586, 0.3389170278908729, 0.013134514418670293, 0.22316995995897182, 0.009017845793433165
587, 0.05775779477077779, 0.013134514418670293, 0.03753503100623696, 0.009017845793433165
588, 0.016420679316793117, 0.013134514418670293, 0.011392578477990517, 0.009017845793433165
589, 0.015948446896171902, 0.013134514418670293, 0.011049756665802669, 0.009017845793433165
590, 0.02655651885686522, 0.013134514418670293, 0.01706056155753256, 0.009017845793433165
591, 0.38392714870962613, 0.013134514418670293, 0.25294889508994883, 0.009017845793433165
592, 0.016546669226671792, 0.013134514418670293, 0.01114943031422926, 0.009017845793433165
593, 0.4193178668571572, 0.013134514418670293, 0.2764152987420659, 0.009017845793433165
594, 0.014652801207586823, 0.013134514418670293, 0.010115197058785398, 0.009017845793433165
595, 0.015656433117490712, 0.013134514418670293, 0.010849033811601218, 0.009017845793433165
596, 0.06440295063745749, 0.013134514418670293, 0.04185306263439126, 0.009017845793433165
597, 0.017144546463328185, 0.013134514418670293, 0.0118989268151748, 0.009017845793433165
598, 0.15412306084787072, 0.013134514418670293, 0.10132925185573867, 0.009017845793433165
599, 0.38218143860766784, 0.013134514418670293, 0.2519553622972184, 0.009017845793433165
600, 0.3898200280883461, 0.013134514418670293, 0.2570796324779975, 0.009017845793433165
601, 0.15927591690728618, 0.013134514418670293, 0.10447120545673416, 0.009017845793433165
602, 0.4206283339045077, 0.013134514418670293, 0.27727512358235423, 0.009017845793433165
603, 0.3470543762996314, 0.013134514418670293, 0.22880138766364788, 0.009017845793433165
604, 0.4202795241642277, 0.013134514418670293, 0.2770854311755444, 0.009017845793433165
605, 0.023263537580679207, 0.013134514418670293, 0.015448740970640126, 0.009017845793433165
606, 0.015635364211400285, 0.013134514418670293, 0.01082555272809418, 0.009017845793433165
607, 0.01776193260330213, 0.013134514418670293, 0.012241703398184303, 0.009017845793433165
608, 0.01776193260330213, 0.013134514418670293, 0.012241703398184303, 0.009017845793433165
609, 0.014929408982463727, 0.013134514418670293, 0.01031683619260414, 0.009017845793433165
610, 0.1758722765772998, 0.013134514418670293, 0.11539455355247734, 0.009017845793433165
611, 0.051914874401386944, 0.013134514418670293, 0.033751820288634736, 0.009017845793433165
612, 0.20061541134055336, 0.013134514418670293, 0.13183113619625145, 0.009017845793433165
613, 0.09692502875412261, 0.013134514418670293, 0.06307369009890805, 0.009017845793433165
614, 0.1334532535550831, 0.013134514418670293, 0.08713887765368344, 0.009017845793433165
615, 0.41992252823487164, 0.013134514418670293, 0.276861589612052, 0.009017845793433165
616, 0.01837715102394133, 0.013134514418670293, 0.012229194793648595, 0.009017845793433165
617, 0.0856444924669491, 0.013134514418670293, 0.05569397467530433, 0.009017845793433165
618, 0.10926414380072537, 0.013134514418670293, 0.07160883023948783, 0.009017845793433165
619, 0.09850054206308281, 0.013134514418670293, 0.06472180295014679, 0.009017845793433165
620, 0.41240711884369136, 0.013134514418670293, 0.27193258788141156, 0.009017845793433165
621, 0.3049087590559719, 0.013134514418670293, 0.2006919354135671, 0.009017845793433165
622, 0.1080606635040786, 0.013134514418670293, 0.07056541622071681, 0.009017845793433165
623, 0.05501935301764087, 0.013134514418670293, 0.035714045644761466, 0.009017845793433165
624, 0.01789593741726706, 0.013134514418670293, 0.012418607539802054, 0.009017845793433165
625, 0.016105470010647997, 0.013134514418670293, 0.010740552404128608, 0.009017845793433165
626, 0.01810606744678431, 0.013134514418670293, 0.012562575698969722, 0.009017845793433165
627, 0.4148116583676655, 0.013134514418670293, 0.2734894982147061, 0.009017845793433165
628, 0.4128738861754902, 0.013134514418670293, 0.27222511610041294, 0.009017845793433165
629, 0.01593357504097889, 0.013134514418670293, 0.011009494106406024, 0.009017845793433165
630, 0.018713901390628937, 0.013134514418670293, 0.012588032918988787, 0.009017845793433165
631, 0.013674988354790456, 0.013134514418670293, 0.009302553686945573, 0.009017845793433165
632, 0.41532975873679917, 0.013134514418670293, 0.273816378439193, 0.009017845793433165
633, 0.40983615880111285, 0.013134514418670293, 0.2702609224755492, 0.009017845793433165
634, 0.0869716937188283, 0.013134514418670293, 0.05667899090330405, 0.009017845793433165
635, 0.41334276419129823, 0.013134514418670293, 0.27250409475799214, 0.009017845793433165
636, 0.015676403409456818, 0.013134514418670293, 0.010862531258908868, 0.009017845793433165
637, 0.09410679045616044, 0.013134514418670293, 0.06129134478875128, 0.009017845793433165
638, 0.38498139319246294, 0.013134514418670293, 0.2538402277812179, 0.009017845793433165
639, 0.029673836374095024, 0.013134514418670293, 0.019136418512749418, 0.009017845793433165
640, 0.05779543001117763, 0.013134514418670293, 0.03749854202872175, 0.009017845793433165
641, 0.046714461715740556, 0.013134514418670293, 0.030301474184608865, 0.009017845793433165
642, 0.4162603732158905, 0.013134514418670293, 0.2743861860371255, 0.009017845793433165
643, 0.030132683579206725, 0.013134514418670293, 0.019395489148230242, 0.009017845793433165
644, 0.4108499530375631, 0.013134514418670293, 0.27086377199558426, 0.009017845793433165
645, 0.363609628813221, 0.013134514418670293, 0.23982569587937594, 0.009017845793433165
646, 0.4217706526192518, 0.013134514418670293, 0.27806444638692596, 0.009017845793433165
647, 0.4090712280930659, 0.013134514418670293, 0.26971523225821564, 0.009017845793433165
648, 0.02385370074767019, 0.013134514418670293, 0.015401395714126047, 0.009017845793433165
649, 0.017952166342547014, 0.013134514418670293, 0.012188601198419033, 0.009017845793433165
650, 0.4251001907772395, 0.013134514418670293, 0.2802239144751984, 0.009017845793433165
651, 0.36187457102821036, 0.013134514418670293, 0.23834737654875468, 0.009017845793433165
652, 0.389319925000293, 0.013134514418670293, 0.2567510699617735, 0.009017845793433165
653, 0.2716187686653392, 0.013134514418670293, 0.17881727575740666, 0.009017845793433165
654, 0.017740396473639307, 0.013134514418670293, 0.012305791123103078, 0.009017845793433165
655, 0.01446526608686076, 0.013134514418670293, 0.009987780834173912, 0.009017845793433165
656, 0.08336596860699878, 0.013134514418670293, 0.05437906061672371, 0.009017845793433165
657, 0.016027473613669414, 0.013134514418670293, 0.011025055529974036, 0.009017845793433165
658, 0.05396937393729362, 0.013134514418670293, 0.03504957529650816, 0.009017845793433165
659, 0.15809784067566493, 0.013134514418670293, 0.10388569336087146, 0.009017845793433165
660, 0.403291876808729, 0.013134514418670293, 0.2658755860933225, 0.009017845793433165
661, 0.12352229378049237, 0.013134514418670293, 0.08087992478470664, 0.009017845793433165
662, 0.42289079247136085, 0.013134514418670293, 0.27878644397291474, 0.009017845793433165
663, 0.014564165336756732, 0.013134514418670293, 0.010041042240121955, 0.009017845793433165
664, 0.014733336952842038, 0.013134514418670293, 0.010129457602364457, 0.009017845793433165
665, 0.3397447166069432, 0.013134514418670293, 0.22376743647091502, 0.009017845793433165
666, 0.07203896759928455, 0.013134514418670293, 0.04681966543689701, 0.009017845793433165
667, 0.2712580926576279, 0.013134514418670293, 0.17844545962491642, 0.009017845793433165
668, 0.3247857556608931, 0.013134514418670293, 0.21399476219874516, 0.009017845793433165
669, 0.047882123278815324, 0.013134514418670293, 0.03105716406658067, 0.009017845793433165
670, 0.41042340537398986, 0.013134514418670293, 0.2706022547304797, 0.009017845793433165
671, 0.4077056843059896, 0.013134514418670293, 0.2687555357633803, 0.009017845793433165
672, 0.015543157613542347, 0.013134514418670293, 0.01076239357898436, 0.009017845793433165
673, 0.016047890520991027, 0.013134514418670293, 0.011006691360550394, 0.009017845793433165
674, 0.38398145915484105, 0.013134514418670293, 0.2532411827523818, 0.009017845793433165
675, 0.41047697293227736, 0.013134514418670293, 0.27062565052291226, 0.009017845793433165
676, 0.4148747091389948, 0.013134514418670293, 0.2735035926008137, 0.009017845793433165
677, 0.2194119609844189, 0.013134514418670293, 0.1442862363547793, 0.009017845793433165
678, 0.41470472522202884, 0.013134514418670293, 0.27339508293956016, 0.009017845793433165
679, 0.0441718769038458, 0.013134514418670293, 0.028579848358961938, 0.009017845793433165
680, 0.014836403827228338, 0.013134514418670293, 0.009941171874239632, 0.009017845793433165
681, 0.3932976916727238, 0.013134514418670293, 0.2594028994429847, 0.009017845793433165
682, 0.4118586227104879, 0.013134514418670293, 0.2714817483975621, 0.009017845793433165
683, 0.3732718090229902, 0.013134514418670293, 0.24616118531772435, 0.009017845793433165
684, 0.32141113981812774, 0.013134514418670293, 0.2117732041631325, 0.009017845793433165
685, 0.07598872242725396, 0.013134514418670293, 0.04966040976891006, 0.009017845793433165
686, 0.4179887203805973, 0.013134514418670293, 0.2755579700607858, 0.009017845793433165
687, 0.07207166094099399, 0.013134514418670293, 0.04687184347429287, 0.009017845793433165
688, 0.17474605756591563, 0.013134514418670293, 0.11469065843727849, 0.009017845793433165
689, 0.12956952821675488, 0.013134514418670293, 0.08461913006946357, 0.009017845793433165
690, 0.017525441428697826, 0.013134514418670293, 0.011440264276450873, 0.009017845793433165
691, 0.41486361200649413, 0.013134514418670293, 0.2735616514609698, 0.009017845793433165
692, 0.01476389609091109, 0.013134514418670293, 0.010175170629876674, 0.009017845793433165
693, 0.01703930677602006, 0.013134514418670293, 0.011821597064250823, 0.009017845793433165
694, 0.3868158142573297, 0.013134514418670293, 0.2550095780217106, 0.009017845793433165
695, 0.25044376725124445, 0.013134514418670293, 0.16483313015801482, 0.009017845793433165
696, 0.016731888468188134, 0.013134514418670293, 0.011603861231902579, 0.009017845793433165
697, 0.0184472249851456, 0.013134514418670293, 0.01195732497198293, 0.009017845793433165
698, 0.4158782806297727, 0.013134514418670293, 0.27420052953499296, 0.009017845793433165
699, 0.015837227100025632, 0.013134514418670293, 0.010949186994254402, 0.009017845793433165
700, 0.014940753094355242, 0.013134514418670293, 0.010329750657591234, 0.009017845793433165
701, 0.014348975828205218, 0.013134514418670293, 0.009838176672135483, 0.009017845793433165
702, 0.4238151526947816, 0.013134514418670293, 0.2794097406083835, 0.009017845793433165
703, 0.4080951860100117, 0.013134514418670293, 0.26905772516806675, 0.009017845793433165
704, 0.4263132604786913, 0.013134514418670293, 0.2810490221417427, 0.009017845793433165
705, 0.014204895810484694, 0.013134514418670293, 0.009795153096424671, 0.009017845793433165
706, 0.01446707907903975, 0.013134514418670293, 0.010006886203546925, 0.009017845793433165
707, 0.05654075926864616, 0.013134514418670293, 0.036963940386826204, 0.009017845793433165
708, 0.018110310990373822, 0.013134514418670293, 0.012564272988446423, 0.009017845793433165
709, 0.015221511505659077, 0.013134514418670293, 0.010533919460737888, 0.009017845793433165
710, 0.41815003913248777, 0.013134514418670293, 0.2756856348734862, 0.009017845793433165
711, 0.01617940976254577, 0.013134514418670293, 0.011198267061045437, 0.009017845793433165
712, 0.21931488073402855, 0.013134514418670293, 0.14422618659451794, 0.009017845793433165
713, 0.04104586522094158, 0.013134514418670293, 0.026779534103006545, 0.009017845793433165
714, 0.03339333577924538, 0.013134514418670293, 0.02191288914527256, 0.009017845793433165
715, 0.05009583490752965, 0.013134514418670293, 0.03245404288724337, 0.009017845793433165
716, 0.06563897720106501, 0.013134514418670293, 0.04289471983191039, 0.009017845793433165
717, 0.017401191864503084, 0.013134514418670293, 0.012045649015990893, 0.009017845793433165
718, 0.4135360822619719, 0.013134514418670293, 0.2726738202737787, 0.009017845793433165
719, 0.014473360351165898, 0.013134514418670293, 0.009985314358372565, 0.009017845793433165
720, 0.020215029262507483, 0.013134514418670293, 0.013911970571165944, 0.009017845793433165
721, 0.3072511390358642, 0.013134514418670293, 0.2022427298734233, 0.009017845793433165
722, 0.2509225223475862, 0.013134514418670293, 0.16511579012926714, 0.009017845793433165
723, 0.017097591008323476, 0.013134514418670293, 0.011502551945273679, 0.009017845793433165
724, 0.014917275285241196, 0.013134514418670293, 0.010261273327396177, 0.009017845793433165
725, 0.4161839935285602, 0.013134514418670293, 0.2743818028964144, 0.009017845793433165
726, 0.12320444612124744, 0.013134514418670293, 0.0804487740741381, 0.009017845793433165
727, 0.023432044937492128, 0.013134514418670293, 0.015606492971358866, 0.009017845793433165
728, 0.013670436063193007, 0.013134514418670293, 0.00938354179062636, 0.009017845793433165
729, 0.4176005724048293, 0.013134514418670293, 0.2753089141664609, 0.009017845793433165
730, 0.3947784618521411, 0.013134514418670293, 0.26029568536811565, 0.009017845793433165
731, 0.015117608229626567, 0.013134514418670293, 0.010458047977388717, 0.009017845793433165
732, 0.24026778975453772, 0.013134514418670293, 0.15804960214698582, 0.009017845793433165
733, 0.4222371301157609, 0.013134514418670293, 0.2783679335259694, 0.009017845793433165
734, 0.3985638165984966, 0.013134514418670293, 0.2627676845924199, 0.009017845793433165
735, 0.4132776571667858, 0.013134514418670293, 0.2724724708892064, 0.009017845793433165
736, 0.017594762866229848, 0.013134514418670293, 0.01221313167473774, 0.009017845793433165
737, 0.4188511783061821, 0.013134514418670293, 0.2761472227539985, 0.009017845793433165
738, 0.10026723912242146, 0.013134514418670293, 0.06526941330957034, 0.009017845793433165
739, 0.37239056645784985, 0.013134514418670293, 0.24550595498426628, 0.009017845793433165
740, 0.06892165039676185, 0.013134514418670293, 0.04473450780568706, 0.009017845793433165
741, 0.01543614324921283, 0.013134514418670293, 0.010608698579130736, 0.009017845793433165
742, 0.2097439261905877, 0.013134514418670293, 0.13789940699292302, 0.009017845793433165
743, 0.1156552458542887, 0.013134514418670293, 0.07593126469646173, 0.009017845793433165
744, 0.015490900271133213, 0.013134514418670293, 0.010679545221685384, 0.009017845793433165
745, 0.014206261817003647, 0.013134514418670293, 0.0097877913374714, 0.009017845793433165
746, 0.4195706310675269, 0.013134514418670293, 0.27665056050490666, 0.009017845793433165
747, 0.4195706310675269, 0.013134514418670293, 0.27665056050490666, 0.009017845793433165
748, 0.014291289810087461, 0.013134514418670293, 0.009876215089678949, 0.009017845793433165
749, 0.4159790998086327, 0.013134514418670293, 0.27425801877262584, 0.009017845793433165
750, 0.25382999293585495, 0.013134514418670293, 0.1669633237381616, 0.009017845793433165
751, 0.29474139424277385, 0.013134514418670293, 0.1941693251527797, 0.009017845793433165
752, 0.01405034832979038, 0.013134514418670293, 0.0096786846315197, 0.009017845793433165
753, 0.41204258721700676, 0.013134514418670293, 0.2716642091333933, 0.009017845793433165
754, 0.08548773180722702, 0.013134514418670293, 0.05606252973564885, 0.009017845793433165
755, 0.16269467922381073, 0.013134514418670293, 0.10650379517073362, 0.009017845793433165
756, 0.014930225271347854, 0.013134514418670293, 0.010329646898259498, 0.009017845793433165
757, 0.1853739992378159, 0.013134514418670293, 0.1217764441369164, 0.009017845793433165
758, 0.01572746402889738, 0.013134514418670293, 0.010895910303092157, 0.009017845793433165
759, 0.3926658563953705, 0.013134514418670293, 0.25892776581259397, 0.009017845793433165
760, 0.0906340167222819, 0.013134514418670293, 0.0593847319965882, 0.009017845793433165
761, 0.06511218587763, 0.013134514418670293, 0.04228348764197856, 0.009017845793433165
762, 0.23391985581265262, 0.013134514418670293, 0.15376651344492345, 0.009017845793433165
763, 0.4219102316895894, 0.013134514418670293, 0.27815706300316917, 0.009017845793433165
764, 0.2936526733382501, 0.013134514418670293, 0.1933359854803347, 0.009017845793433165
765, 0.4263538326164397, 0.013134514418670293, 0.28106795533091966, 0.009017845793433165
766, 0.015311332488327622, 0.013134514418670293, 0.010529146077094029, 0.009017845793433165
767, 0.11792139854273535, 0.013134514418670293, 0.07704691743863629, 0.009017845793433165
768, 0.015321152094663943, 0.013134514418670293, 0.010555465654715228, 0.009017845793433165
769, 0.05173830068507126, 0.013134514418670293, 0.03356322860801083, 0.009017845793433165
770, 0.014345566689396853, 0.013134514418670293, 0.009735716840397106, 0.009017845793433165
771, 0.4095713104866709, 0.013134514418670293, 0.2700593153029243, 0.009017845793433165
772, 0.015482275020487504, 0.013134514418670293, 0.01072117118897873, 0.009017845793433165
773, 0.4242471845448404, 0.013134514418670293, 0.2796936318698313, 0.009017845793433165
774, 0.13614322054271136, 0.013134514418670293, 0.08965342180848303, 0.009017845793433165
775, 0.35425129777857994, 0.013134514418670293, 0.2336673998186504, 0.009017845793433165
776, 0.015835825560308752, 0.013134514418670293, 0.01052512379182595, 0.009017845793433165
777, 0.4160148692852041, 0.013134514418670293, 0.2742131631425069, 0.009017845793433165
778, 0.015414171721020024, 0.013134514418670293, 0.010671457817073538, 0.009017845793433165
779, 0.15346653776728844, 0.013134514418670293, 0.10072513494410192, 0.009017845793433165
780, 0.056086369176767355, 0.013134514418670293, 0.03638046313379215, 0.009017845793433165
781, 0.3652709317027718, 0.013134514418670293, 0.2409448892830214, 0.009017845793433165
782, 0.41727575709889525, 0.013134514418670293, 0.27510668958935863, 0.009017845793433165
783, 0.018200555018813236, 0.013134514418670293, 0.012087228051117603, 0.009017845793433165
784, 0.41602209660581135, 0.013134514418670293, 0.2742826576658583, 0.009017845793433165
785, 0.014133345974368135, 0.013134514418670293, 0.009741543304404842, 0.009017845793433165
786, 0.12408113228687404, 0.013134514418670293, 0.08099022310013589, 0.009017845793433165
787, 0.012741333001887466, 0.012741333001887466, 0.008470600362037851, 0.008470600362037851
788, 0.37748494000226507, 0.012741333001887466, 0.24872571949910893, 0.008470600362037851
789, 0.4161521098437195, 0.012741333001887466, 0.2743409248817694, 0.008470600362037851
790, 0.03223455288445155, 0.012741333001887466, 0.02089120603372309, 0.008470600362037851
791, 0.047845404363661234, 0.012741333001887466, 0.031482161806087844, 0.008470600362037851
792, 0.42371676634475763, 0.012741333001887466, 0.2793358946380098, 0.008470600362037851
793, 0.02282207118674381, 0.012741333001887466, 0.01485058321440245, 0.008470600362037851
794, 0.2994204551300626, 0.012741333001887466, 0.1970909168300328, 0.008470600362037851
795, 0.2731196004989805, 0.012741333001887466, 0.17970503664136014, 0.008470600362037851
796, 0.42272956455470434, 0.012741333001887466, 0.27866382573166854, 0.008470600362037851
797, 0.05630628561319247, 0.012741333001887466, 0.036735414488655464, 0.008470600362037851
798, 0.039604008588824124, 0.012741333001887466, 0.025979137372899558, 0.008470600362037851
799, 0.01554082357405457, 0.012741333001887466, 0.010761679569874104, 0.008470600362037851
800, 0.014377660146589338, 0.012741333001887466, 0.00989875877574133, 0.008470600362037851
801, 0.2558423732717052, 0.012741333001887466, 0.16837871095620038, 0.008470600362037851
802, 0.017017935187531315, 0.012741333001887466, 0.011801022499602845, 0.008470600362037851
803, 0.41465567525223845, 0.012741333001887466, 0.2734209780375447, 0.008470600362037851
804, 0.0166982712434816, 0.012741333001887466, 0.011584047930176472, 0.008470600362037851
805, 0.022257344067382678, 0.012741333001887466, 0.014663999974864785, 0.008470600362037851
806, 0.016461674260891825, 0.012741333001887466, 0.01108706578180569, 0.008470600362037851
807, 0.4139855287098515, 0.012741333001887466, 0.2729822842030072, 0.008470600362037851
808, 0.01791490903824879, 0.012741333001887466, 0.012434127153853761, 0.008470600362037851
809, 0.4158410847600779, 0.012741333001887466, 0.2741469926127242, 0.008470600362037851
810, 0.41454831923178653, 0.012741333001887466, 0.27334934064839594, 0.008470600362037851
811, 0.10490534561902598, 0.012741333001887466, 0.06834418999551259, 0.008470600362037851
812, 0.016083478530085658, 0.012741333001887466, 0.01110808786072199, 0.008470600362037851
813, 0.05116342230797226, 0.012741333001887466, 0.0332112068118339, 0.008470600362037851
814, 0.1822017238745478, 0.012741333001887466, 0.11959720496277149, 0.008470600362037851
815, 0.4121302883387126, 0.012741333001887466, 0.27175862886153124, 0.008470600362037851
816, 0.4121024334036919, 0.012741333001887466, 0.2716817085050325, 0.008470600362037851
817, 0.21351644726486932, 0.012741333001887466, 0.1404402961900499, 0.008470600362037851
818, 0.41148439749341886, 0.012741333001887466, 0.2712720177093018, 0.008470600362037851
819, 0.14304942806521403, 0.012741333001887466, 0.09409157934170444, 0.008470600362037851
820, 0.4218416836563883, 0.012741333001887466, 0.278116307118071, 0.008470600362037851
821, 0.016474255240859038, 0.012741333001887466, 0.011391763525977193, 0.008470600362037851
822, 0.015464846569310988, 0.012741333001887466, 0.010693254543524329, 0.008470600362037851
823, 0.10992596113335948, 0.012741333001887466, 0.07161468886201679, 0.008470600362037851
824, 0.17984813353128284, 0.012741333001887466, 0.117989330631552, 0.008470600362037851
825, 0.015652901981784678, 0.012741333001887466, 0.010556871721846809, 0.008470600362037851
826, 0.41351453847557784, 0.012741333001887466, 0.2726241567454551, 0.008470600362037851
827, 0.013466470770904227, 0.012741333001887466, 0.009242826007497113, 0.008470600362037851
828, 0.044050765384978444, 0.012741333001887466, 0.02859218180190989, 0.008470600362037851
829, 0.3601174999074037, 0.012741333001887466, 0.237277640542206, 0.008470600362037851
830, 0.015744660511009943, 0.012741333001887466, 0.010837213070148519, 0.008470600362037851
831, 0.014927367228405443, 0.012741333001887466, 0.010119322864561523, 0.008470600362037851
832, 0.3935119801779002, 0.012741333001887466, 0.25948467924465046, 0.008470600362037851
833, 0.41382646095509656, 0.012741333001887466, 0.27286202950644106, 0.008470600362037851
834, 0.41006074345284654, 0.012741333001887466, 0.2703672965619379, 0.008470600362037851
835, 0.08320897913304963, 0.012741333001887466, 0.05409903248252402, 0.008470600362037851
836, 0.22402399132462092, 0.012741333001887466, 0.14718361069075028, 0.008470600362037851
837, 0.42315955090524976, 0.012741333001887466, 0.27897519393063525, 0.008470600362037851
838, 0.016621655940731016, 0.012741333001887466, 0.011319287334564727, 0.008470600362037851
839, 0.07040731755932225, 0.012741333001887466, 0.04583391013231681, 0.008470600362037851
840, 0.014752933758830755, 0.012741333001887466, 0.010195072281643838, 0.008470600362037851
841, 0.05819807697817908, 0.012741333001887466, 0.03772429696862557, 0.008470600362037851
842, 0.016570179933787576, 0.012741333001887466, 0.011495034022943057, 0.008470600362037851
843, 0.016977806658626506, 0.012741333001887466, 0.011781694178806671, 0.008470600362037851
844, 0.1550840109131135, 0.012741333001887466, 0.10199480947480133, 0.008470600362037851
845, 0.016328167614249788, 0.012741333001887466, 0.01129878067075385, 0.008470600362037851
846, 0.015009606801961586, 0.012741333001887466, 0.010319120287161934, 0.008470600362037851
847, 0.014990448087033058, 0.012741333001887466, 0.00986105648516822, 0.008470600362037851
848, 0.01666531455866863, 0.012741333001887466, 0.011538069411732363, 0.008470600362037851
849, 0.3937612560433105, 0.012741333001887466, 0.25961082516134143, 0.008470600362037851
850, 0.29624308253225545, 0.012741333001887466, 0.1951123985008613, 0.008470600362037851
851, 0.4203190719989094, 0.012741333001887466, 0.27704276841794834, 0.008470600362037851
852, 0.2785331349385281, 0.012741333001887466, 0.18329725400669852, 0.008470600362037851
853, 0.4151980156914669, 0.012741333001887466, 0.27375904124718903, 0.008470600362037851
854, 0.01554804007962536, 0.012741333001887466, 0.01072759293381762, 0.008470600362037851
855, 0.4137914931180805, 0.012741333001887466, 0.2727593809435475, 0.008470600362037851
856, 0.1727684450708786, 0.012741333001887466, 0.11336199135547431, 0.008470600362037851
857, 0.3511521160721325, 0.012741333001887466, 0.23159047294827584, 0.008470600362037851
858, 0.017934962894070015, 0.012741333001887466, 0.01243678051125468, 0.008470600362037851
859, 0.40994810803463744, 0.012741333001887466, 0.2703046126139363, 0.008470600362037851
860, 0.016372575664676477, 0.012741333001887466, 0.01133865684628419, 0.008470600362037851
861, 0.4261076114518098, 0.012741333001887466, 0.2809263657877381, 0.008470600362037851
862, 0.4225795961957739, 0.012741333001887466, 0.278619423741592, 0.008470600362037851
863, 0.41958760348810376, 0.012741333001887466, 0.2765725092678533, 0.008470600362037851
864, 0.018075579838562957, 0.012741333001887466, 0.012542063549286447, 0.008470600362037851
865, 0.4233752437954807, 0.012741333001887466, 0.27911695150107596, 0.008470600362037851
866, 0.014834474372198331, 0.012741333001887466, 0.010254294590917564, 0.008470600362037851
867, 0.4045434491980573, 0.012741333001887466, 0.26678785821978773, 0.008470600362037851
868, 0.017236615532613155, 0.012741333001887466, 0.011900562835729185, 0.008470600362037851
869, 0.018848164290432103, 0.012741333001887466, 0.013084953215125242, 0.008470600362037851
870, 0.01794246317679646, 0.012741333001887466, 0.012444346413060171, 0.008470600362037851
871, 0.4131169979073008, 0.012741333001887466, 0.2723810133211823, 0.008470600362037851
872, 0.018144116632036265, 0.012741333001887466, 0.012559784816130772, 0.008470600362037851
873, 0.016682160311347505, 0.012741333001887466, 0.011151654074717944, 0.008470600362037851
874, 0.40965948546250847, 0.012741333001887466, 0.27010835254380067, 0.008470600362037851
875, 0.019301149724314393, 0.012741333001887466, 0.01257241814854297, 0.008470600362037851
876, 0.3383868630646861, 0.012741333001887466, 0.22302899114836416, 0.008470600362037851
877, 0.01618402153528754, 0.012741333001887466, 0.011152619372754483, 0.008470600362037851
878, 0.015977965692673773, 0.012741333001887466, 0.011067363228475303, 0.008470600362037851
879, 0.014351157771758804, 0.012741333001887466, 0.00986048195467608, 0.008470600362037851
880, 0.41136234416425266, 0.012741333001887466, 0.27123473396662223, 0.008470600362037851
881, 0.016263031697789254, 0.012741333001887466, 0.01125355420408003, 0.008470600362037851
882, 0.014673311742896487, 0.012741333001887466, 0.01005252139938251, 0.008470600362037851
883, 0.41001691178669, 0.012741333001887466, 0.270363159840102, 0.008470600362037851
884, 0.03832678661989046, 0.012741333001887466, 0.02478915257013044, 0.008470600362037851
885, 0.015690336770904513, 0.012741333001887466, 0.010570888709081511, 0.008470600362037851
886, 0.1293826676218339, 0.012741333001887466, 0.0845494384147858, 0.008470600362037851
887, 0.37293076395497077, 0.012741333001887466, 0.24588955167751356, 0.008470600362037851
888, 0.4197730188999759, 0.012741333001887466, 0.276730811223751, 0.008470600362037851
889, 0.4197730188999759, 0.012741333001887466, 0.276730811223751, 0.008470600362037851
890, 0.3135872068754494, 0.012741333001887466, 0.20653540710485271, 0.008470600362037851
891, 0.01532469993237747, 0.012741333001887466, 0.009987002068183476, 0.008470600362037851
892, 0.018039042736472794, 0.012741333001887466, 0.012520691688566081, 0.008470600362037851
893, 0.051851697504527186, 0.012741333001887466, 0.033839637157590016, 0.008470600362037851
894, 0.013771522170327979, 0.012741333001887466, 0.00946449392956425, 0.008470600362037851
895, 0.014231089628938253, 0.012741333001887466, 0.009793532918413084, 0.008470600362037851
896, 0.014553086160344734, 0.012741333001887466, 0.01005092483264623, 0.008470600362037851
897, 0.1735897667608069, 0.012741333001887466, 0.1139872539375526, 0.008470600362037851
898, 0.4190204219528535, 0.012741333001887466, 0.2761907475085755, 0.008470600362037851
899, 0.014148355800644762, 0.012741333001887466, 0.009758829610730876, 0.008470600362037851
900, 0.01644364970227767, 0.012741333001887466, 0.010980776813657084, 0.008470600362037851
901, 0.41781630709437806, 0.012741333001887466, 0.2754829540813674, 0.008470600362037851
902, 0.42688587552403334, 0.012741333001887466, 0.28144418597036913, 0.008470600362037851
903, 0.1675050958257393, 0.012741333001887466, 0.10996579557130574, 0.008470600362037851
904, 0.410981377373137, 0.012741333001887466, 0.2709812634906649, 0.008470600362037851
905, 0.3311123767961673, 0.012741333001887466, 0.2181536794471677, 0.008470600362037851
906, 0.41624143327951535, 0.012741333001887466, 0.27437309558990886, 0.008470600362037851
907, 0.015614602354390867, 0.012741333001887466, 0.01077969762804643, 0.008470600362037851
908, 0.015571098160029955, 0.012741333001887466, 0.010723545432595129, 0.008470600362037851
909, 0.41066285624944726, 0.012741333001887466, 0.2708017881702633, 0.008470600362037851
910, 0.01494704716551602, 0.012741333001887466, 0.010344810297631056, 0.008470600362037851
911, 0.4141139521616495, 0.012741333001887466, 0.2730197428644487, 0.008470600362037851
912, 0.014445502568540394, 0.012741333001887466, 0.009944550157089048, 0.008470600362037851
913, 0.017763304276861305, 0.012741333001887466, 0.012329876711451191, 0.008470600362037851
914, 0.3585771285524782, 0.012741333001887466, 0.23641123265962505, 0.008470600362037851
915, 0.211912201603095, 0.012741333001887466, 0.139317643244399, 0.008470600362037851
916, 0.317278837494979, 0.012741333001887466, 0.2090894704312413, 0.008470600362037851
917, 0.41501605811670544, 0.012741333001887466, 0.2735368332104576, 0.008470600362037851
918, 0.01817684450336253, 0.012741333001887466, 0.01214471834359176, 0.008470600362037851
919, 0.41568986378959283, 0.012741333001887466, 0.2740087031441923, 0.008470600362037851
920, 0.018040977418580253, 0.012741333001887466, 0.012528105148069847, 0.008470600362037851
921, 0.4113792242206091, 0.012741333001887466, 0.2712673228549608, 0.008470600362037851
922, 0.41020286193129396, 0.012741333001887466, 0.2704745153599239, 0.008470600362037851
923, 0.40349886371117993, 0.012741333001887466, 0.2660578676077044, 0.008470600362037851
924, 0.014180264002841388, 0.012741333001887466, 0.00964434698762876, 0.008470600362037851
925, 0.02893535882383598, 0.012741333001887466, 0.018749174203760117, 0.008470600362037851
926, 0.4213764835722846, 0.012741333001887466, 0.27778435941490975, 0.008470600362037851
927, 0.016488136550376578, 0.012741333001887466, 0.011404261024914925, 0.008470600362037851
928, 0.3877703350509348, 0.012741333001887466, 0.2556299227991263, 0.008470600362037851
929, 0.015746958262150387, 0.012741333001887466, 0.010422111657586185, 0.008470600362037851
930, 0.4165914886276633, 0.012741333001887466, 0.27463175573872906, 0.008470600362037851
931, 0.014765403244289493, 0.012741333001887466, 0.010185347067267753, 0.008470600362037851
932, 0.16357068312723605, 0.012741333001887466, 0.10714783019912406, 0.008470600362037851
933, 0.15261679031159112, 0.012741333001887466, 0.0998217087425089, 0.008470600362037851
934, 0.4109300143625448, 0.012741333001887466, 0.2709572598422412, 0.008470600362037851
935, 0.19548526281175965, 0.012741333001887466, 0.12847917588779226, 0.008470600362037851
936, 0.017582654394591796, 0.012741333001887466, 0.012202435954533996, 0.008470600362037851
937, 0.3225429153110455, 0.012741333001887466, 0.2124559497711721, 0.008470600362037851
938, 0.02869169070753545, 0.012741333001887466, 0.018464430837550654, 0.008470600362037851
939, 0.4131772337543338, 0.012741333001887466, 0.2724487976164898, 0.008470600362037851
940, 0.015031483409690556, 0.012741333001887466, 0.010205099978588443, 0.008470600362037851
941, 0.014912391616543542, 0.012741333001887466, 0.009769319501841766, 0.008470600362037851
942, 0.1559351291129117, 0.012741333001887466, 0.10234977977693577, 0.008470600362037851
943, 0.037164593694310535, 0.012741333001887466, 0.024483966627540946, 0.008470600362037851
944, 0.015457847779535473, 0.012741333001887466, 0.010680815234026248, 0.008470600362037851
945, 0.4166102639141659, 0.012741333001887466, 0.2746733565525955, 0.008470600362037851
946, 0.381702979493164, 0.012741333001887466, 0.2517280805443587, 0.008470600362037851
947, 0.017227625915178547, 0.012741333001887466, 0.011953706740156778, 0.008470600362037851
948, 0.2863211424942427, 0.012741333001887466, 0.18861544146075573, 0.008470600362037851
949, 0.01578787609101075, 0.012741333001887466, 0.010941568175178343, 0.008470600362037851
950, 0.016146790077130758, 0.012741333001887466, 0.011180099919578343, 0.008470600362037851
951, 0.014457205057757746, 0.012741333001887466, 0.009989181188057047, 0.008470600362037851
952, 0.014409651365252811, 0.012741333001887466, 0.009964486133693282, 0.008470600362037851
953, 0.07072285955515958, 0.012741333001887466, 0.045922306149535484, 0.008470600362037851
954, 0.416497526685234, 0.012741333001887466, 0.27456364629692326, 0.008470600362037851
955, 0.36688633937493775, 0.012741333001887466, 0.2420156480182332, 0.008470600362037851
956, 0.4164532701587525, 0.012741333001887466, 0.2745895394929347, 0.008470600362037851
957, 0.016123864748854726, 0.012741333001887466, 0.011181666472255913, 0.008470600362037851
958, 0.4112569655854274, 0.012741333001887466, 0.27119682349464397, 0.008470600362037851
959, 0.4239817132691147, 0.012741333001887466, 0.27948768171266, 0.008470600362037851
960, 0.42043711583241605, 0.012741333001887466, 0.2771881770937394, 0.008470600362037851
961, 0.015079084286425591, 0.012741333001887466, 0.010384592438631003, 0.008470600362037851
962, 0.40984865216209954, 0.012741333001887466, 0.2702173002445213, 0.008470600362037851
963, 0.42615742350783903, 0.012741333001887466, 0.2809373612686572, 0.008470600362037851
964, 0.3775621725811606, 0.012741333001887466, 0.24888012615333388, 0.008470600362037851
965, 0.24529555242764872, 0.012741333001887466, 0.1612878331550404, 0.008470600362037851
966, 0.41296409323271527, 0.012741333001887466, 0.2722669897300842, 0.008470600362037851
967, 0.04293256920027876, 0.012741333001887466, 0.027783683770202298, 0.008470600362037851
968, 0.3944527936717557, 0.012741333001887466, 0.2599355129328817, 0.008470600362037851
969, 0.41682751820384234, 0.012741333001887466, 0.2747628445942683, 0.008470600362037851
970, 0.3447295505515789, 0.012741333001887466, 0.2271972153552495, 0.008470600362037851
971, 0.1259041097286415, 0.012741333001887466, 0.08293079706077779, 0.008470600362037851
972, 0.18470847437648227, 0.012741333001887466, 0.1212974035310604, 0.008470600362037851
973, 0.18422765193612733, 0.012741333001887466, 0.12090573358096263, 0.008470600362037851
974, 0.08338140866749282, 0.012741333001887466, 0.05428233302561542, 0.008470600362037851
975, 0.03759684384018494, 0.012741333001887466, 0.02467111038983394, 0.008470600362037851
976, 0.13384210951617442, 0.012741333001887466, 0.08780842461535394, 0.008470600362037851
977, 0.018228447690376397, 0.012741333001887466, 0.01221448888793831, 0.008470600362037851
978, 0.14286011285402528, 0.012741333001887466, 0.09337026463727692, 0.008470600362037851
979, 0.4218729972851767, 0.012741333001887466, 0.27815640896614313, 0.008470600362037851
980, 0.3722483419326328, 0.012741333001887466, 0.24555587743927967, 0.008470600362037851
981, 0.42826785443276066, 0.012741333001887466, 0.28230754150807497, 0.008470600362037851
982, 0.017122680648990384, 0.012741333001887466, 0.011879005277564837, 0.008470600362037851
983, 0.4130407397387295, 0.012741333001887466, 0.2723645053991522, 0.008470600362037851
984, 0.01612530923984547, 0.012741333001887466, 0.010885222268065556, 0.008470600362037851
985, 0.015361350437181471, 0.012741333001887466, 0.010541894232908496, 0.008470600362037851
986, 0.41490138944237487, 0.012741333001887466, 0.2735624759180059, 0.008470600362037851
987, 0.01587905207349353, 0.012741333001887466, 0.010907504936604176, 0.008470600362037851
988, 0.08607075978490965, 0.012741333001887466, 0.055975875654578656, 0.008470600362037851
989, 0.3962112599600163, 0.012741333001887466, 0.26108851919659376, 0.008470600362037851
990, 0.07705717447489153, 0.012741333001887466, 0.05044794129066493, 0.008470600362037851
991, 0.016756452157277498, 0.012741333001887466, 0.01162638844451213, 0.008470600362037851
992, 0.17409411355151197, 0.012741333001887466, 0.11423895211925611, 0.008470600362037851
993, 0.014733586580709827, 0.012741333001887466, 0.010178045494356209, 0.008470600362037851
994, 0.42033922841572086, 0.012741333001887466, 0.277141012549123, 0.008470600362037851
995, 0.36927277359510907, 0.012741333001887466, 0.24341990365631164, 0.008470600362037851
996, 0.015467003312299112, 0.012741333001887466, 0.010711624865165366, 0.008470600362037851
997, 0.058488690950442755, 0.012741333001887466, 0.03834855786587923, 0.008470600362037851
998, 0.1268889119160648, 0.012741333001887466, 0.08302331187958355, 0.008470600362037851
999, 0.04532151633882324, 0.012741333001887466, 0.029415458636347546, 0.008470600362037851
1000, 0.41014986273860354, 0.012741333001887466, 0.27041808387663374, 0.008470600362037851
