-1, 0.08770832560986695, 0.057223207826155094
0, 0.17551306836802763, 0.11558741999034948
1, 0.39964593026891154, 0.26358346053608434
2, 0.1940581389144492, 0.1277722166410926
3, 0.3008413824752129, 0.1983986051321298
4, 0.4284435637666184, 0.2824859054675645
5, 0.4155181220359872, 0.27386322255009626
6, 0.3959961287658854, 0.2611786853253826
7, 0.015628866637901487, 0.01086567872848824
8, 0.3830403124237092, 0.2526074743370605
9, 0.019519463393785783, 0.013519694112637967
10, 0.03927925716726788, 0.027270771479314285
11, 0.02519376430660269, 0.01638045162196657
12, 0.09046178569543373, 0.0589935597651093
13, 0.01497868829801214, 0.009947009448173068
14, 0.021831603390134083, 0.015225024427966166
15, 0.01000231094371146, 0.006496294399345632
16, 0.01828673462509696, 0.012796341619277294
17, 0.030047839602948538, 0.0209910594287253
18, 0.441421454467115, 0.2908715434380637
19, 0.018344684115403017, 0.012856017971753246
20, 0.021964335866288737, 0.015330219925972858
21, 0.015835098195459467, 0.010676388995783248
22, 0.017351374543190523, 0.011403946743142311
23, 0.011656026352708059, 0.007761035515521121
24, 0.016966356459704075, 0.011603788020050588
25, 0.012585460775081126, 0.008371853437534214
26, 0.01195162810427696, 0.007860846240781762
27, 0.013040125042394853, 0.008720028916710473
28, 0.013015037057772561, 0.008740120590638698
29, 0.011424604487174013, 0.007558326124460761
30, 0.01756450187659244, 0.01199297470300943
31, 0.10253846775101287, 0.06681455543620728
32, 0.01678718174564837, 0.011455569556695057
33, 0.23668458891256225, 0.15572961839000232
34, 0.012738537195812095, 0.008521803377473996
35, 0.009918393332490304, 0.006464599629724594
36, 0.010465439845164161, 0.006764186888455617
37, 0.014176765587041203, 0.009358484471461438
38, 0.041115043986964125, 0.02682509205587383
39, 0.013951379492661328, 0.00929063469500272
40, 0.012680308766328119, 0.008395437285462283
41, 0.017804704992463304, 0.01215554665126648
42, 0.031707510299423175, 0.02200948429280732
43, 0.019262869387477836, 0.013151139159137305
44, 0.014225749463526106, 0.009320163156347238
45, 0.013685528112802596, 0.009230476511422288
46, 0.01552255177991753, 0.010553227573858895
47, 0.011030229473810434, 0.007199817586019869
48, 0.011469775166342054, 0.007489820839993351
49, 0.01737122093690335, 0.011868028039195122
50, 0.01046515243624166, 0.006823910152059349
51, 0.017292729629058506, 0.012006179985490304
52, 0.012757288777730637, 0.008605223757251805
53, 0.014463573027162393, 0.009796926534136476
54, 0.16044063803132064, 0.10530556029135545
55, 0.012506164796076899, 0.00802488937171321
56, 0.012038376378936903, 0.007991056493089703
57, 0.010814165049674267, 0.007135582026540085
58, 0.017498844613436863, 0.01195086764290658
59, 0.017258161456968325, 0.011790455628501291
60, 0.011349778144327761, 0.0075116297788786835
61, 0.011901804864984765, 0.007915443262130855
62, 0.02624034731264747, 0.016704922692589927
63, 0.010921527052835294, 0.007167373224835177
64, 0.012053648778877931, 0.00803355783870778
65, 0.013929649010567762, 0.009408186808376384
66, 0.012177118102540867, 0.008097218521080514
67, 0.012466982231945952, 0.008350993129390643
68, 0.015786075264990512, 0.010696832437176973
69, 0.01313420358458867, 0.008831393428099786
70, 0.010563697439490557, 0.0069318372477884535
71, 0.011058528598511135, 0.007275219455840715
72, 0.015076657914911003, 0.010237395543618742
73, 0.012942435869851917, 0.008687349488885941
74, 0.015084073380940049, 0.010240097978152297
75, 0.012200939298354993, 0.008047388744161164
76, 0.011473113498416667, 0.00760560648733236
77, 0.013259147918961092, 0.008883755416340388
78, 0.01575716437210939, 0.010623175518762752
79, 0.017735816641160706, 0.011914776399081223
80, 0.011333646036932968, 0.007605452254116959
81, 0.012742681908785735, 0.008423382505566148
82, 0.011428777652129567, 0.007570695149711218
83, 0.01690866060116744, 0.01074834839474556
84, 0.015485353322211836, 0.01052795814591495
85, 0.012948259664513923, 0.008681085454076809
86, 0.01595200939576178, 0.010237358171318786
87, 0.011458331636805501, 0.007607536456617301
88, 0.016908368778426282, 0.011850718535681488
89, 0.014276679989470796, 0.009654104641805036
90, 0.016716004107307014, 0.011299409724581906
91, 0.015784931910626816, 0.010721140733111837
92, 0.011894003819071342, 0.007830387690838273
93, 0.0165650995744863, 0.011136071928015233
94, 0.013207601373937457, 0.008768894899659258
95, 0.0216128566930903, 0.014003836283004232
96, 0.011539567823204026, 0.007658046547140294
97, 0.010264374239327821, 0.006730080732893113
98, 0.011882504497620182, 0.007900833227706823
99, 0.016473726274295476, 0.011041633137237036
100, 0.012489644596614367, 0.008348459720508824
101, 0.016733154751760026, 0.011384359283333012
102, 0.010067505252686446, 0.006540962091479328
103, 0.015533153494168766, 0.010550767060775788
104, 0.017287068209787572, 0.011335954827865598
105, 0.011296899345213416, 0.007458429274498688
106, 0.013247642173926735, 0.008922255491681547
107, 0.017554777729614793, 0.011983640720185117
108, 0.012845807473208397, 0.008623041559402852
109, 0.013413340235576278, 0.008987274561829716
110, 0.01659558457823062, 0.011298413044487055
111, 0.016269477609204643, 0.011084336762497886
112, 0.01179654137468822, 0.007840837360026115
113, 0.013532338737511798, 0.009108218309477193
114, 0.010935184196757822, 0.0072137734018007695
115, 0.013889263367049114, 0.009375203329501905
116, 0.01432377630355022, 0.009591959683284459
117, 0.010255290199521422, 0.006708479654149466
118, 0.012296401947987307, 0.008029601860976307
119, 0.011495794632114649, 0.007605127876865713
120, 0.013028197310944418, 0.008766418508665259
121, 0.011264031315990733, 0.007461363677714074
122, 0.01111804835380063, 0.007346964381752463
123, 0.024021592875177793, 0.01675217373113563
124, 0.012127118216499826, 0.008077014803474331
125, 0.014742168098916665, 0.009997033711980472
126, 0.011985178410679231, 0.007662544206380288
127, 0.012150169245769575, 0.008108144341201875
128, 0.012334515828745944, 0.008055162598519232
129, 0.01380966757645916, 0.009324806516929627
130, 0.011518658877435821, 0.007619361169355615
131, 0.012949180024761362, 0.008701565388938475
132, 0.015032718775350437, 0.010184795699922563
133, 0.01212856050698332, 0.00799953507864566
134, 0.012053059814196935, 0.007991048324527435
135, 0.01847004926681257, 0.01260057228195916
136, 0.01771613711587427, 0.012099355291048953
137, 0.010184278944365932, 0.006662734629804111
138, 0.034946811873953675, 0.024374911938953015
139, 0.02103078744965305, 0.014663374945436715
140, 0.011509560658537013, 0.007645037941356074
141, 0.010918146569811884, 0.007210141540491546
142, 0.011009232278242582, 0.007265236742194425
143, 0.01496897401610749, 0.010137307006367982
144, 0.010285978205609551, 0.006743277891072146
145, 0.012902829306711015, 0.00864256851437091
146, 0.011569961108633514, 0.007672058153504771
147, 0.010775064422856707, 0.0070950580337567825
148, 0.013105954751910013, 0.008785307118616973
149, 0.01641487940605551, 0.011170799246315899
150, 0.010861518150027763, 0.00713237705411125
151, 0.01060884685769756, 0.006987890921585916
152, 0.014847017933331, 0.010070962747499327
153, 0.011882357811240501, 0.007898681758971246
154, 0.013615843849768529, 0.009172956403094474
155, 0.010831486698370293, 0.0071261634454255615
156, 0.012522573606822053, 0.008388210717589105
157, 0.01235096929670141, 0.008273651306438581
158, 0.011884156885798925, 0.0079156371368988
159, 0.01291743897475714, 0.00853715687055973
160, 0.014900306730299807, 0.01009888364883551
161, 0.01119505466407449, 0.007420278007595701
162, 0.01778609625890326, 0.012499036980172165
163, 0.01590576563063828, 0.010831740362158773
164, 0.015973992692224406, 0.010866700661827697
165, 0.012599123749964613, 0.008452056024903473
166, 0.011875193580043969, 0.00789998755271784
167, 0.01155527159599644, 0.007713167076592631
168, 0.014939218830392443, 0.010143282979225818
169, 0.011503714822027179, 0.007614677766491522
170, 0.012129958754659288, 0.008074609191999831
171, 0.014428502272356297, 0.00974096617241071
172, 0.012290132913645306, 0.00821220553289561
173, 0.012583713679754551, 0.008444056632577007
174, 0.010958282187670901, 0.007158775809138703
175, 0.013358105139190097, 0.00898694100761095
176, 0.011569772298256899, 0.0076914244125639505
177, 0.014915440318595305, 0.010111871825066425
178, 0.011754444319467754, 0.007812843329170541
179, 0.012210785822207079, 0.008145840409209905
180, 0.013525422419066822, 0.009107852732293486
181, 0.014646221447226134, 0.009921769504368875
182, 0.014765969940397635, 0.009996300690128994
183, 0.013196136184109237, 0.008861722472823992
184, 0.014599309063869354, 0.009883424875126787
185, 0.012801740536889072, 0.00855427407865257
186, 0.013763027264054756, 0.009264990691456918
187, 0.011126048029011591, 0.007374772545165842
188, 0.011806982756995084, 0.007839788938925755
189, 0.01388440193250466, 0.009359679148836198
190, 0.012074227602141566, 0.007929474144469477
191, 0.011500726305262566, 0.007648875210026711
192, 0.011065756429019719, 0.00727863892275402
193, 0.01270035219542297, 0.008490820343661524
194, 0.011108327210160881, 0.007356787170852853
195, 0.012262517059014431, 0.00818646337079733
196, 0.03086698378971421, 0.019853615327448924
197, 0.0145872803962775, 0.009867485887905057
198, 0.011716012305989327, 0.007763221226841334
199, 0.011711423816401641, 0.007659521538229561
200, 0.010739144877475256, 0.007034789334907441
201, 0.33057893693062923, 0.21805162982053625
202, 0.012387782949468332, 0.008026617128959154
203, 0.01531166243091866, 0.010106592280934351
204, 0.010823191687528284, 0.007111336844751661
205, 0.013145863790852265, 0.008831607602256033
206, 0.011784630529123914, 0.007849711556267281
207, 0.013499605124089823, 0.008676785068881289
208, 0.011048653505611511, 0.007276745435670228
209, 0.011191701837485059, 0.007388791649676873
210, 0.014427033327129432, 0.009757462365172219
211, 0.013520344674985196, 0.009044241459290508
212, 0.012270750650491869, 0.008208741630042636
213, 0.06187871189250709, 0.0404068715549458
214, 0.012750097981545404, 0.008512504303932323
215, 0.012056024801200795, 0.00803283246150822
216, 0.010981772629281924, 0.007226738096791175
217, 0.014642221126501181, 0.009907883150825808
218, 0.011834548034913088, 0.007866380051871857
219, 0.013237624493460255, 0.008896022616966653
220, 0.01040536923838015, 0.006786266105138057
221, 0.013076537074330359, 0.0088090535764857
222, 0.01387699499139614, 0.009376467387124056
223, 0.011601423824113258, 0.0076885642676239015
224, 0.01053369299073343, 0.006924472319049888
225, 0.011619641987174866, 0.0076658565129235105
226, 0.01049086417250032, 0.006858134979523961
227, 0.01310042451090119, 0.00880016427365437
228, 0.0114319509780653, 0.007553875346524841
229, 0.011224816526473894, 0.007415840128701002
230, 0.010194408962193958, 0.006658670951461392
231, 0.013851909044197218, 0.009345125029977914
232, 0.012250441515790479, 0.008169781450111555
233, 0.011651687291708698, 0.007751806833297427
234, 0.010603038346916838, 0.006951974371587771
235, 0.0111705676736368, 0.007327099850357273
236, 0.012069366721944287, 0.008054845736306626
237, 0.013963059706288838, 0.009419834668750364
238, 0.01145520733077766, 0.007572102970707775
239, 0.013180009999934508, 0.0088658646815624
240, 0.026953529755200982, 0.017347141931974504
241, 0.010140025978179904, 0.006591697481972896
242, 0.011883960223566645, 0.007669947623387168
243, 0.010819777343076056, 0.007094718470383691
244, 0.013358333521741449, 0.008985247303383003
245, 0.013107215683416409, 0.008792585387095065
246, 0.012953323080829601, 0.008678771907938981
247, 0.01241070004300788, 0.008299541205539222
248, 0.010770380252222565, 0.007089579510225615
249, 0.012297855236371552, 0.00822051371694841
250, 0.011462833320727785, 0.007588495190951138
251, 0.011140169843536088, 0.007359349677938439
252, 0.012248351900772364, 0.008177105879937117
253, 0.01789428081710903, 0.012207210210607026
254, 0.01746315036022175, 0.011928832194560675
255, 0.014360022783147386, 0.009734943351548815
256, 0.012015290991551075, 0.007797050522503843
257, 0.015744285989356416, 0.01070858709561638
258, 0.011039761060645806, 0.007273700788896662
259, 0.011559273713539384, 0.007663121504872147
260, 0.011224887697986144, 0.0074418497295846145
261, 0.01303306241167471, 0.00876198165999664
262, 0.012405332742569206, 0.008167523801240533
263, 0.0113473746251855, 0.007498570853101161
264, 0.012592651415253404, 0.00843774455616559
265, 0.01182762469610299, 0.007652696623712191
266, 0.01257745106134416, 0.00841710591490998
267, 0.011720666486187114, 0.007787356360719317
268, 0.013128162027947025, 0.008837369286454894
269, 0.012857070549761615, 0.00863061798190433
270, 0.013015974545435531, 0.00864921438816712
271, 0.016527582820571884, 0.011271808336557422
272, 0.011698493582710216, 0.007751416987667224
273, 0.013536015458948713, 0.00913430869199542
274, 0.012407654327868157, 0.00828810476757164
275, 0.014319408305551404, 0.00966800935403222
276, 0.012787207127790804, 0.008565585750885032
277, 0.010940434005340116, 0.007181173333814075
278, 0.014159746090831482, 0.009563136874887595
279, 0.011436430581884868, 0.007567364624051901
280, 0.010193435298913185, 0.006628533659832677
281, 0.010947876155767216, 0.007183642540393016
282, 0.010125678720300683, 0.006576293970591733
283, 0.011844082427300775, 0.00786544560796678
284, 0.011722499443146591, 0.007788083952050836
285, 0.010219269272407037, 0.006655225303626884
286, 0.011037638687477402, 0.007292020818523214
287, 0.011427859661489757, 0.0075595989279619085
288, 0.014338052128596188, 0.009697730181552752
289, 0.011628398890273369, 0.007767145871227932
290, 0.010757925299442134, 0.007072377958982732
291, 0.012851313099640011, 0.008634481176430486
292, 0.010730489050983267, 0.007059506601118921
293, 0.012858283463331401, 0.00863169126440422
294, 0.010555392281033362, 0.006921211422151273
295, 0.010895584980160954, 0.007136615843114824
296, 0.010677384765640873, 0.00697134416803472
297, 0.011492853407776879, 0.007604471991409148
298, 0.010581596154119166, 0.006891047678880407
299, 0.012222741155191952, 0.008153867292053087
300, 0.011279758754404835, 0.007449580361344801
301, 0.017828952524914364, 0.01217495409138878
302, 0.014958279564938583, 0.010152748926967601
303, 0.014622676588636483, 0.009901411147958429
304, 0.011240166967231744, 0.00744044143225275
305, 0.012144168418984271, 0.008097892318462111
306, 0.011716334825803726, 0.00780088114294942
307, 0.01151580666019743, 0.007626913890477024
308, 0.012600082600351564, 0.00842977023268266
309, 0.010654142991470682, 0.0070387323835329274
310, 0.015155842522602145, 0.010312033394404624
311, 0.011880579666184306, 0.007913577007729265
312, 0.011475149897302602, 0.007579429851590584
313, 0.011600833500535907, 0.007720897442601785
314, 0.010802535969838023, 0.007102691382827971
315, 0.011634996167942863, 0.007721441267125433
316, 0.015058445933135704, 0.010124023601010794
317, 0.012211869108518823, 0.008133315400388032
318, 0.010367248908586557, 0.006768379686163197
319, 0.010958098604213937, 0.007158301049329563
320, 0.0148082208560486, 0.009974451751215953
321, 0.021690494748380744, 0.015218044359999053
322, 0.015394464601354834, 0.010373713757871958
323, 0.010732083759013893, 0.0070204755032228505
324, 0.010563601040922138, 0.00698223926472115
325, 0.018399631285896105, 0.012433483164574675
326, 0.011369667125205903, 0.00752342211311957
327, 0.01040367440898402, 0.006788895650403107
328, 0.017511594823140585, 0.011959783796057265
329, 0.01955539384111117, 0.013198057780161651
330, 0.010677851467886428, 0.00690885714175291
331, 0.011068115057581176, 0.00727656917163531
332, 0.011128795632418623, 0.007249257931239786
333, 0.01176592347889045, 0.007842357958466597
334, 0.011763599924191851, 0.007836931226254928
335, 0.015446136239034867, 0.010501402578219776
336, 0.020337965242078412, 0.01296708293222557
337, 0.021408460600809146, 0.013622271822698082
338, 0.014577915721102386, 0.009875290878220455
339, 0.010572820348112593, 0.006971684017494304
340, 0.013452736206496277, 0.009059473344878345
341, 0.01033096308851618, 0.006739153279604434
342, 0.011216454203291171, 0.007376302541072125
343, 0.014415153032484206, 0.009737866852133006
344, 0.011005030278767211, 0.007281772723363265
345, 0.0136624943705197, 0.009194193385872691
346, 0.012007615679433483, 0.008002969340743632
347, 0.010293940582848401, 0.0066841529273086115
348, 0.012957687593312438, 0.008704639602205565
349, 0.011456220676437917, 0.007579026982863596
350, 0.011177107442544337, 0.007367892573699924
351, 0.013989970885491672, 0.009432400659372432
352, 0.015731491533689926, 0.01069580252297112
353, 0.012679949455826806, 0.0085005027921917
354, 0.011239072311423234, 0.007428149489286404
355, 0.014725639728550281, 0.009966859643946242
356, 0.014725639728550281, 0.009966859643946242
357, 0.014666447821418795, 0.009936781051947167
358, 0.013037422752807925, 0.008739349785044615
359, 0.01126752538178196, 0.007441081035307996
360, 0.012474263409355625, 0.008348481111446903
361, 0.015162421986389734, 0.010263401888785747
362, 0.012713291873676064, 0.008514777929017428
363, 0.013408743043826988, 0.009020723714395778
364, 0.01291820752380137, 0.008660809200279895
365, 0.01107344749636674, 0.0073076810659428405
366, 0.01128262138373109, 0.007451417474081224
367, 0.01090306842324663, 0.0071660726740544614
368, 0.011861952666145335, 0.007902751083293141
369, 0.013203042178388257, 0.008845981090570089
370, 0.011755124358440271, 0.007808195266922037
371, 0.018028917319955193, 0.012220045199661017
372, 0.012277633108044651, 0.008196798840991133
373, 0.011058140740725126, 0.007281462514552956
374, 0.012830482290778203, 0.008601075058013458
375, 0.012830482290778203, 0.008601075058013458
376, 0.010870868710976823, 0.007101928315511389
377, 0.011958634626019126, 0.007958308243560546
378, 0.01844309877047132, 0.012580510040017201
379, 0.012706418001121164, 0.008506476389698139
380, 0.011786666080424286, 0.007683612222436479
381, 0.011462707758063415, 0.007586240044615494
382, 0.01188638283561848, 0.00790334184322739
383, 0.01562749017489924, 0.010350543941105654
384, 0.011349083816850326, 0.0075119321721957635
385, 0.011617464423382769, 0.0077353046832629715
386, 0.01270153209208477, 0.008493465710498352
387, 0.012131864483220437, 0.007986436467464886
388, 0.01224648875459739, 0.008151130349523191
389, 0.010688395498846688, 0.0069359599516539685
390, 0.01101585905437672, 0.007183591178933694
391, 0.019115432224002936, 0.013350122980899548
392, 0.009813024031194665, 0.006375583969288762
393, 0.01109878624252941, 0.007252548388609222
394, 0.01160205826434798, 0.007718082922125369
395, 0.019418447659612932, 0.013232005559842963
396, 0.014441109065086668, 0.009779655704847416
397, 0.01053446062085916, 0.0069113049860907395
398, 0.015324203771622604, 0.01039198674910052
399, 0.010213242491444164, 0.006661973362010018
400, 0.011862245599233425, 0.007868277365119587
401, 0.011212503014095251, 0.007412616975813639
402, 0.011259170713613865, 0.007442025577101442
403, 0.010875698387282584, 0.007176425125405269
404, 0.011514954315772971, 0.007635041678848437
405, 0.01062404359507421, 0.006942091459430842
406, 0.011036358727324936, 0.00729217993855972
407, 0.10540228937719338, 0.06883988930424711
408, 0.011447034578994202, 0.0073056398298329064
409, 0.011018131232553728, 0.007206013050152383
410, 0.012227013637134281, 0.008033687243742564
411, 0.010906529937143224, 0.007210652281996283
412, 0.013379760817048638, 0.00901011806733631
413, 0.01257075492811527, 0.008419734294878732
414, 0.010468140654559607, 0.006866410184959134
415, 0.012178491262466786, 0.007753478691603577
416, 0.010945120776410461, 0.0072149416953344965
417, 0.012129590711524413, 0.008122426319423396
418, 0.010908277214945418, 0.007151954509130189
419, 0.010769017136293165, 0.007038556304383241
420, 0.010056116236881348, 0.006552437755582147
421, 0.01108877807351011, 0.007172735446390356
422, 0.012966602979233416, 0.008690623775991996
423, 0.014772780967430534, 0.009465815520307785
424, 0.009699602933617027, 0.006276825888160163
425, 0.010845452354015805, 0.007085557489887088
426, 0.01211196063195826, 0.008078019282471016
427, 0.01158372199627026, 0.007657875833933986
428, 0.010492188195335986, 0.006806661428455602
429, 0.010254762535562515, 0.006725469611607751
430, 0.010568655074315631, 0.006868680663952809
431, 0.011224368235602446, 0.00740061576521206
432, 0.011739884834807465, 0.007797462495333268
433, 0.01082751069685383, 0.007117878910536632
434, 0.01082751069685383, 0.007117878910536632
435, 0.011448385943213384, 0.007575283389159568
436, 0.012294445233767553, 0.008213824052735299
437, 0.012461515242835201, 0.008186110023795296
438, 0.010417295658520105, 0.006821969960348401
439, 0.012542636802357048, 0.008409622460719917
440, 0.017574393811954376, 0.011780486061629972
441, 0.010735998949486214, 0.007075526175336266
442, 0.01437051676669799, 0.009707181863604728
443, 0.011346442074299738, 0.007488636393602585
444, 0.014814382353176454, 0.010052799931563366
445, 0.015807351793890957, 0.010050470973833896
446, 0.010903627971777994, 0.007122054522317132
447, 0.010903627971777994, 0.007122054522317132
448, 0.009722670700399704, 0.006332436248564641
449, 0.010961013757115235, 0.007221903814969967
450, 0.012304850536532807, 0.008227648103962374
451, 0.011522809008549684, 0.007659333550142815
452, 0.01734837578924416, 0.0118524802379271
453, 0.010848286061470239, 0.007128989189149916
454, 0.012219725330416957, 0.008158514737181153
455, 0.011827170281472343, 0.007892668239765315
456, 0.010594154598161114, 0.006945306464552328
457, 0.014142472917823301, 0.009559518497799005
458, 0.010324720636955631, 0.006764303841622021
459, 0.010344094051182168, 0.006789959294450598
460, 0.009898185150493701, 0.006431148464640989
461, 0.010631183769810653, 0.007009087181661551
462, 0.01373039835717527, 0.009079264584346849
463, 0.011145303079572727, 0.00734892264802678
464, 0.011287726986555887, 0.0074744685874822275
465, 0.011650782057861839, 0.007736645234274955
466, 0.011087236706601892, 0.007295241221569205
467, 0.010459235825280385, 0.0068277963601188355
468, 0.010564229513495626, 0.00695660435623979
469, 0.01112031346610493, 0.0073398530821294945
470, 0.01202972202123076, 0.008016466916425342
471, 0.012149948019067706, 0.00811112034729401
472, 0.010099899956523167, 0.00654399861866469
473, 0.010099899956523167, 0.00654399861866469
474, 0.010437843896864613, 0.006792008984675358
475, 0.011919374949673451, 0.007941771689576169
476, 0.012944775454811801, 0.008695509545784795
477, 0.012450495822175292, 0.008325521317080265
478, 0.012500213120991102, 0.008377808532526966
479, 0.012500213120991102, 0.008377808532526966
480, 0.011645293051645494, 0.00755323620948437
481, 0.011645293051645494, 0.00755323620948437
482, 0.010527291947622069, 0.006876989712088975
483, 0.013067962303533022, 0.008490142676637584
484, 0.013463764483423258, 0.008582874899534267
485, 0.013487631606273838, 0.009098544288103118
486, 0.010503755478350262, 0.006865356513376885
487, 0.010547642084163988, 0.006918899500199228
488, 0.013630276642156604, 0.009169369054403501
489, 0.010148984041460396, 0.006597241921958097
490, 0.011391995715740589, 0.007530369582229895
491, 0.011060447131583802, 0.007306282879164987
492, 0.01146668706731545, 0.007622376470061324
493, 0.010854512499164493, 0.0071236533899285345
494, 0.010510757182919231, 0.006873095439991681
495, 0.011069837294276873, 0.007311212365109231
496, 0.010084665523823625, 0.006571500614424223
497, 0.011786917366288467, 0.00785047651640984
498, 0.01019003797439312, 0.006643995409069778
499, 0.010224472053661646, 0.006660766722325636
-1, 0.009699602933617027, -1
