-1, -1, inf, inf, inf, inf
0, 0, 0.04287746931514797, 0.04287746931514797, 0.02992883939531016, 0.02992883939531016
0, 1, 0.0876663843500195, 0.04287746931514797, 0.05719435580765153, 0.02992883939531016
0, 2, 0.14812752431293638, 0.04287746931514797, 0.09570290014881788, 0.02992883939531016
0, 3, 0.08723544343723544, 0.04287746931514797, 0.06011537680876782, 0.02992883939531016
0, 4, 0.08872593779570631, 0.04287746931514797, 0.06122905489270201, 0.02992883939531016
0, 5, 0.08552722898513726, 0.04287746931514797, 0.059056044384125435, 0.02992883939531016
0, 6, 0.1778713772079599, 0.04287746931514797, 0.11847515507028261, 0.02992883939531016
0, 7, 0.13193373611349318, 0.04287746931514797, 0.08743780403953472, 0.02992883939531016
0, 8, 0.23495803285300954, 0.04287746931514797, 0.15273315152877642, 0.02992883939531016
0, 9, 0.21568403969522018, 0.04287746931514797, 0.14224020566998558, 0.02992883939531016
1, 0, 0.043092581314913954, 0.04287746931514797, 0.030071702928648376, 0.02992883939531016
1, 1, 0.021147954814538395, 0.021147954814538395, 0.013707050057300699, 0.013707050057300699
1, 2, 0.14610601608571885, 0.021147954814538395, 0.09432262438040755, 0.013707050057300699
1, 3, 0.08667214876655373, 0.021147954814538395, 0.0597588169030811, 0.013707050057300699
1, 4, 0.08700491949193287, 0.021147954814538395, 0.06008036273663377, 0.013707050057300699
1, 5, 0.0855179455137899, 0.021147954814538395, 0.05905224922762172, 0.013707050057300699
1, 6, 0.14717063161630897, 0.021147954814538395, 0.09791890757310961, 0.013707050057300699
1, 7, 0.08949242302081253, 0.021147954814538395, 0.05961111369533046, 0.013707050057300699
1, 8, 0.13984934998912563, 0.021147954814538395, 0.09002411671245086, 0.013707050057300699
1, 9, 0.1315037342537405, 0.021147954814538395, 0.08621128273429961, 0.013707050057300699
2, 0, 0.0417104457318342, 0.021147954814538395, 0.029139974663142443, 0.013707050057300699
2, 1, 0.021676305280901934, 0.021147954814538395, 0.015059048993034382, 0.013707050057300699
2, 2, 0.10538839070207848, 0.021147954814538395, 0.0675318571386143, 0.013707050057300699
2, 3, 0.08599669274950882, 0.021147954814538395, 0.05933030802225325, 0.013707050057300699
2, 4, 0.0859010176343975, 0.021147954814538395, 0.05933400651430163, 0.013707050057300699
2, 5, 0.08554614290782514, 0.021147954814538395, 0.059074232583478374, 0.013707050057300699
2, 6, 0.04537466401073192, 0.021147954814538395, 0.03010885574497037, 0.013707050057300699
2, 7, 0.06459002126963617, 0.021147954814538395, 0.04350761600982774, 0.013707050057300699
2, 8, 0.023292691885226632, 0.021147954814538395, 0.014437501191983717, 0.013707050057300699
2, 9, 0.062131670034629556, 0.021147954814538395, 0.04057943957452239, 0.013707050057300699
3, 0, 0.03527267889869268, 0.021147954814538395, 0.02466745278414963, 0.013707050057300699
3, 1, 0.024516513452478992, 0.021147954814538395, 0.017146286933916677, 0.013707050057300699
3, 2, 0.0291675980733146, 0.021147954814538395, 0.01811605406585182, 0.013707050057300699
3, 3, 0.049709430945288034, 0.021147954814538395, 0.03457994517714292, 0.013707050057300699
3, 4, 0.07711262985834694, 0.021147954814538395, 0.053369139952866906, 0.013707050057300699
3, 5, 0.08564577733219031, 0.021147954814538395, 0.059143304308166104, 0.013707050057300699
3, 6, 0.08708561005540102, 0.021147954814538395, 0.060183917008245436, 0.013707050057300699
3, 7, 0.06276985534274247, 0.021147954814538395, 0.04259466634683506, 0.013707050057300699
3, 8, 0.046288470889255875, 0.021147954814538395, 0.03226396313645979, 0.013707050057300699
3, 9, 0.07581266505482287, 0.021147954814538395, 0.04969265921853891, 0.013707050057300699
4, 0, 0.027702041838632074, 0.021147954814538395, 0.01939256842469619, 0.013707050057300699
4, 1, 0.027518480279163506, 0.021147954814538395, 0.019277115232585375, 0.013707050057300699
4, 2, 0.018821441518301722, 0.018821441518301722, 0.013232732624477309, 0.013232732624477309
4, 3, 0.029334043507908237, 0.018821441518301722, 0.020577393968974626, 0.013232732624477309
4, 4, 0.03236519268809486, 0.018821441518301722, 0.022626740872320267, 0.013232732624477309
4, 5, 0.08569774712574044, 0.018821441518301722, 0.05917260943425492, 0.013232732624477309
4, 6, 0.05311932745314772, 0.018821441518301722, 0.036970001201442976, 0.013232732624477309
4, 7, 0.06126706181150466, 0.018821441518301722, 0.042456907253234345, 0.013232732624477309
4, 8, 0.08717692685132782, 0.018821441518301722, 0.06023247145197811, 0.013232732624477309
4, 9, 0.08285949945056466, 0.018821441518301722, 0.054412764770853606, 0.013232732624477309
5, 0, 0.020391931947668734, 0.018821441518301722, 0.014263480086534759, 0.013232732624477309
5, 1, 0.028661713091645488, 0.018821441518301722, 0.02005708226346813, 0.013232732624477309
5, 2, 0.12871657778716128, 0.018821441518301722, 0.08786851444238108, 0.013232732624477309
5, 3, 0.019262158590839146, 0.018821441518301722, 0.013587263337055728, 0.013232732624477309
5, 4, 0.014503928253480255, 0.014503928253480255, 0.009988937483307488, 0.009988937483307488
5, 5, 0.08568785216135212, 0.014503928253480255, 0.05917256791515838, 0.009988937483307488
5, 6, 0.04763087703227093, 0.014503928253480255, 0.03321018330691927, 0.009988937483307488
5, 7, 0.08645274759566228, 0.014503928253480255, 0.05968276810171685, 0.009988937483307488
5, 8, 0.07561664734318219, 0.014503928253480255, 0.05239949151248024, 0.009988937483307488
5, 9, 0.0807323238649954, 0.014503928253480255, 0.055890424636520636, 0.009988937483307488
6, 0, 0.014240201123741593, 0.014240201123741593, 0.009852923355630936, 0.009852923355630936
6, 1, 0.02395935932991401, 0.014240201123741593, 0.016610818800077285, 0.009852923355630936
6, 2, 0.1502251260025162, 0.014240201123741593, 0.10271890455645655, 0.009852923355630936
6, 3, 0.03341215104770133, 0.014240201123741593, 0.022661084273236723, 0.009852923355630936
6, 4, 0.012865594122302947, 0.012865594122302947, 0.008108775455170138, 0.008108775455170138
6, 5, 0.08554572837846848, 0.012865594122302947, 0.059080433700370645, 0.008108775455170138
6, 6, 0.05098656539437637, 0.012865594122302947, 0.03551751706626433, 0.008108775455170138
6, 7, 0.08610420133019296, 0.012865594122302947, 0.059449395440877885, 0.008108775455170138
6, 8, 0.034283016813915344, 0.012865594122302947, 0.02404403701316681, 0.008108775455170138
6, 9, 0.05417386886007976, 0.012865594122302947, 0.0377033362029679, 0.008108775455170138
7, 0, 0.01144934061879595, 0.01144934061879595, 0.007498916502618275, 0.007498916502618275
7, 1, 0.0442167702385869, 0.01144934061879595, 0.02869138661672602, 0.007498916502618275
7, 2, 0.08855782783460164, 0.01144934061879595, 0.060780297718016234, 0.007498916502618275
7, 3, 0.0288222056630012, 0.01144934061879595, 0.01937412226891067, 0.007498916502618275
7, 4, 0.02499257934726901, 0.01144934061879595, 0.01542896423723515, 0.007498916502618275
7, 5, 0.08369678164299513, 0.01144934061879595, 0.05782177200641391, 0.007498916502618275
7, 6, 0.10899306596937358, 0.01144934061879595, 0.07144538516731748, 0.007498916502618275
7, 7, 0.0859422682153297, 0.01144934061879595, 0.05933884241779549, 0.007498916502618275
7, 8, 0.014727695187152045, 0.01144934061879595, 0.009171126276053593, 0.007498916502618275
7, 9, 0.023698690717558306, 0.01144934061879595, 0.016621644318197685, 0.007498916502618275
8, 0, 0.014349678165637064, 0.01144934061879595, 0.008959330233619247, 0.007498916502618275
8, 1, 0.0871588088632273, 0.01144934061879595, 0.05688771132308316, 0.007498916502618275
8, 2, 0.015463349443082442, 0.01144934061879595, 0.01079742773196806, 0.007498916502618275
8, 3, 0.01172112410726236, 0.01144934061879595, 0.007798579609524442, 0.007498916502618275
8, 4, 0.044392324914824935, 0.01144934061879595, 0.02773175240104916, 0.007498916502618275
8, 5, 0.02644446734419911, 0.01144934061879595, 0.01852143529069422, 0.007498916502618275
8, 6, 0.3635477074438627, 0.01144934061879595, 0.23995388674767495, 0.007498916502618275
8, 7, 0.0782821814832984, 0.01144934061879595, 0.054148630520199914, 0.007498916502618275
8, 8, 0.07712564386053729, 0.01144934061879595, 0.0489692683907165, 0.007498916502618275
8, 9, 0.011534890893016332, 0.01144934061879595, 0.007586465353944693, 0.007498916502618275
9, 0, 0.020591419414327055, 0.01144934061879595, 0.012735749429264741, 0.007498916502618275
9, 1, 0.08591462844397842, 0.01144934061879595, 0.05614223588391996, 0.007498916502618275
9, 2, 0.07308929982451562, 0.01144934061879595, 0.04767274901493527, 0.007498916502618275
9, 3, 0.010851624888922351, 0.010851624888922351, 0.006969920374367993, 0.006969920374367993
9, 4, 0.046305851224420165, 0.010851624888922351, 0.028956075210020513, 0.006969920374367993
9, 5, 0.016347685668761856, 0.010851624888922351, 0.010196946785207828, 0.006969920374367993
9, 6, 0.3513089697399214, 0.010851624888922351, 0.23196081221651935, 0.006969920374367993
9, 7, 0.017688271153139215, 0.010851624888922351, 0.012371855414929312, 0.006969920374367993
9, 8, 0.15158236430601024, 0.010851624888922351, 0.09772062999414072, 0.006969920374367993
9, 9, 0.025727492717445413, 0.010851624888922351, 0.015915784777713028, 0.006969920374367993
10, 0, 0.019233127339553468, 0.010851624888922351, 0.011879419933834191, 0.006969920374367993
10, 1, 0.025280809838289144, 0.010851624888922351, 0.016259957248208706, 0.006969920374367993
10, 2, 0.3088338723704065, 0.010851624888922351, 0.20401739747544348, 0.006969920374367993
10, 3, 0.019178450386139603, 0.010851624888922351, 0.012142305590754849, 0.006969920374367993
10, 4, 0.020768459689762615, 0.010851624888922351, 0.012805891275192986, 0.006969920374367993
10, 5, 0.06242139823816525, 0.010851624888922351, 0.03940507342860931, 0.006969920374367993
10, 6, 0.2921061081681869, 0.010851624888922351, 0.19332491825165743, 0.006969920374367993
10, 7, 0.028756144187417815, 0.010851624888922351, 0.017969902430955656, 0.006969920374367993
10, 8, 0.08703258006671562, 0.010851624888922351, 0.05541819698744251, 0.006969920374367993
10, 9, 0.03547781685149762, 0.010851624888922351, 0.022059916212497043, 0.006969920374367993
11, 0, 0.013193566379597699, 0.010851624888922351, 0.008331496164492625, 0.006969920374367993
11, 1, 0.011589219436184994, 0.010851624888922351, 0.007702948577792853, 0.006969920374367993
11, 2, 0.30192162160277247, 0.010851624888922351, 0.19954261656306216, 0.006969920374367993
11, 3, 0.14991061587395194, 0.010851624888922351, 0.09814184080443046, 0.006969920374367993
11, 4, 0.011611995606981831, 0.010851624888922351, 0.007639644248582305, 0.006969920374367993
11, 5, 0.10587418286120254, 0.010851624888922351, 0.06774799025096115, 0.006969920374367993
11, 6, 0.1683324355202382, 0.010851624888922351, 0.11137815504485911, 0.006969920374367993
11, 7, 0.07202706245904095, 0.010851624888922351, 0.04614534348420233, 0.006969920374367993
11, 8, 0.02267009047811779, 0.010851624888922351, 0.014013792134074422, 0.006969920374367993
11, 9, 0.026929840302289246, 0.010851624888922351, 0.016655464683608973, 0.006969920374367993
12, 0, 0.016405476873743885, 0.010851624888922351, 0.010530626957551983, 0.006969920374367993
12, 1, 0.01138249549526515, 0.010851624888922351, 0.007588226404811958, 0.006969920374367993
12, 2, 0.1788397042789027, 0.010851624888922351, 0.11775652758421963, 0.006969920374367993
12, 3, 0.08970747115012773, 0.010851624888922351, 0.05836625202167111, 0.006969920374367993
12, 4, 0.020247229261100588, 0.010851624888922351, 0.013943402257857554, 0.006969920374367993
12, 5, 0.06967678766627196, 0.010851624888922351, 0.044120096808014035, 0.006969920374367993
12, 6, 0.08218426381858548, 0.010851624888922351, 0.05683706569292357, 0.006969920374367993
12, 7, 0.09582644721727941, 0.010851624888922351, 0.061682012431286855, 0.006969920374367993
12, 8, 0.01992068957665603, 0.010851624888922351, 0.013654509589775472, 0.006969920374367993
12, 9, 0.017699709509732257, 0.010851624888922351, 0.010949161680825758, 0.006969920374367993
13, 0, 0.01744047360562449, 0.010851624888922351, 0.01130730094043258, 0.006969920374367993
13, 1, 0.011454219527620425, 0.010851624888922351, 0.007646366733276751, 0.006969920374367993
13, 2, 0.016249297348174048, 0.010851624888922351, 0.011283437838248235, 0.006969920374367993
13, 3, 0.01540845252745622, 0.010851624888922351, 0.009683379096789428, 0.006969920374367993
13, 4, 0.018071141073638327, 0.010851624888922351, 0.012160129146938203, 0.006969920374367993
13, 5, 0.018722315198268225, 0.010851624888922351, 0.01161588146570426, 0.006969920374367993
13, 6, 0.08582064783164799, 0.010851624888922351, 0.05926209715893, 0.006969920374367993
13, 7, 0.08013359208763124, 0.010851624888922351, 0.05110922892731595, 0.006969920374367993
13, 8, 0.028666122313821527, 0.010851624888922351, 0.019302932745991954, 0.006969920374367993
13, 9, 0.0118658385192044, 0.010851624888922351, 0.00773563075013775, 0.006969920374367993
14, 0, 0.021110287809307317, 0.010851624888922351, 0.014317116006704987, 0.006969920374367993
14, 1, 0.011429969421097426, 0.010851624888922351, 0.007603910739421308, 0.006969920374367993
14, 2, 0.059295901611707155, 0.010851624888922351, 0.04048545068661053, 0.006969920374367993
14, 3, 0.012875490076033417, 0.010851624888922351, 0.008119311691714075, 0.006969920374367993
14, 4, 0.028765481450665542, 0.010851624888922351, 0.019982298315562384, 0.006969920374367993
14, 5, 0.018963151341511403, 0.010851624888922351, 0.013211489970855271, 0.006969920374367993
14, 6, 0.08605916730989834, 0.010851624888922351, 0.059426996576320106, 0.006969920374367993
14, 7, 0.038083125979124464, 0.010851624888922351, 0.023764952766452418, 0.006969920374367993
14, 8, 0.03551794615611288, 0.010851624888922351, 0.024115810192405027, 0.006969920374367993
14, 9, 0.015232207329024628, 0.010851624888922351, 0.01055444893459982, 0.006969920374367993
15, 0, 0.019720282567708546, 0.010851624888922351, 0.013258803261673377, 0.006969920374367993
15, 1, 0.01105414387797335, 0.010851624888922351, 0.0072260028821257705, 0.006969920374367993
15, 2, 0.06744764737383302, 0.010851624888922351, 0.04623379003029133, 0.006969920374367993
15, 3, 0.011246553137809367, 0.010851624888922351, 0.007155760784075899, 0.006969920374367993
15, 4, 0.024637678374312053, 0.010851624888922351, 0.017268675256914126, 0.006969920374367993
15, 5, 0.04338909628549476, 0.010851624888922351, 0.030290084439560435, 0.006969920374367993
15, 6, 0.0858181545877205, 0.010851624888922351, 0.05926916308946933, 0.006969920374367993
15, 7, 0.011942051555030551, 0.010851624888922351, 0.0077076820784601, 0.006969920374367993
15, 8, 0.035340881173321126, 0.010851624888922351, 0.024799945842512935, 0.006969920374367993
15, 9, 0.022534224318548964, 0.010851624888922351, 0.015796456245234434, 0.006969920374367993
16, 0, 0.02299061172212178, 0.010851624888922351, 0.015022985520650511, 0.006969920374367993
16, 1, 0.011332597499002332, 0.010851624888922351, 0.007280253766246344, 0.006969920374367993
16, 2, 0.05323707209000413, 0.010851624888922351, 0.0364782960911912, 0.006969920374367993
16, 3, 0.013862028429362336, 0.010851624888922351, 0.009037338863624235, 0.006969920374367993
16, 4, 0.01233349857337546, 0.010851624888922351, 0.008439293169108733, 0.006969920374367993
16, 5, 0.04689879951468994, 0.010851624888922351, 0.03272194868759657, 0.006969920374367993
16, 6, 0.05288019961548249, 0.010851624888922351, 0.03684677694465959, 0.006969920374367993
16, 7, 0.025600650075705677, 0.010851624888922351, 0.017966893023013675, 0.006969920374367993
16, 8, 0.021391082859759346, 0.010851624888922351, 0.013529642718764617, 0.006969920374367993
16, 9, 0.02634224309230713, 0.010851624888922351, 0.018509212216340266, 0.006969920374367993
17, 0, 0.012225826432512202, 0.010851624888922351, 0.007866885976770537, 0.006969920374367993
17, 1, 0.011326844988686822, 0.010851624888922351, 0.0072310385649577156, 0.006969920374367993
17, 2, 0.035782090975278735, 0.010851624888922351, 0.024442598751155713, 0.006969920374367993
17, 3, 0.013783820009506294, 0.010851624888922351, 0.0091959122908124, 0.006969920374367993
17, 4, 0.023013679147218923, 0.010851624888922351, 0.014640832194094703, 0.006969920374367993
17, 5, 0.039838093971629254, 0.010851624888922351, 0.027865651254741428, 0.006969920374367993
17, 6, 0.12328478371829152, 0.010851624888922351, 0.08101784062688794, 0.006969920374367993
17, 7, 0.0491157633451539, 0.010851624888922351, 0.03428486199835308, 0.006969920374367993
17, 8, 0.09439135541453425, 0.010851624888922351, 0.060519774668239094, 0.006969920374367993
17, 9, 0.015483476795426242, 0.010851624888922351, 0.010862029643184584, 0.006969920374367993
18, 0, 0.012273413831654445, 0.010851624888922351, 0.007729855203218338, 0.006969920374367993
18, 1, 0.010984682942166053, 0.010851624888922351, 0.007014139271255208, 0.006969920374367993
18, 2, 0.017253056422401394, 0.010851624888922351, 0.011799568565651739, 0.006969920374367993
18, 3, 0.014114669875292805, 0.010851624888922351, 0.009634922776717281, 0.006969920374367993
18, 4, 0.02992171998287895, 0.010851624888922351, 0.018799558063439248, 0.006969920374367993
18, 5, 0.029491876776962838, 0.010851624888922351, 0.02068149846422822, 0.006969920374367993
18, 6, 0.22150873935425902, 0.010851624888922351, 0.14703442700679187, 0.006969920374367993
18, 7, 0.030733110840848135, 0.010851624888922351, 0.02158053193216394, 0.006969920374367993
18, 8, 0.1288714736654351, 0.010851624888922351, 0.08303990471885546, 0.006969920374367993
18, 9, 0.011857801720855154, 0.010851624888922351, 0.007804637576109846, 0.006969920374367993
19, 0, 0.01494239750090139, 0.010851624888922351, 0.009498826279826034, 0.006969920374367993
19, 1, 0.024566733319912396, 0.010851624888922351, 0.016094000054103406, 0.006969920374367993
19, 2, 0.022234526048248514, 0.010851624888922351, 0.014885274954545323, 0.006969920374367993
19, 3, 0.022234526048248514, 0.010851624888922351, 0.014885274954545323, 0.006969920374367993
19, 4, 0.019696863495195876, 0.010851624888922351, 0.012165341583787235, 0.006969920374367993
19, 5, 0.012174976686553502, 0.010851624888922351, 0.008187712118065871, 0.006969920374367993
19, 6, 0.1758598818949629, 0.010851624888922351, 0.1173121410877037, 0.006969920374367993
19, 7, 0.010420935180187314, 0.010420935180187314, 0.006946151442864705, 0.006946151442864705
19, 8, 0.05089489040922118, 0.010420935180187314, 0.031953858768737985, 0.006946151442864705
19, 9, 0.01836119940490082, 0.010420935180187314, 0.011627288856381396, 0.006946151442864705
20, 0, 0.017036399276613927, 0.010420935180187314, 0.01124265001916619, 0.006946151442864705
20, 1, 0.02131526107399302, 0.010420935180187314, 0.014012188968269145, 0.006946151442864705
20, 2, 0.056345075732428695, 0.010420935180187314, 0.03755571672173461, 0.006946151442864705
20, 3, 0.10438711362661192, 0.010420935180187314, 0.06888782687092805, 0.006946151442864705
20, 4, 0.11208549902949388, 0.010420935180187314, 0.07351969702581689, 0.006946151442864705
20, 5, 0.017798694778278716, 0.010420935180187314, 0.010976477000150517, 0.006946151442864705
20, 6, 0.11885344395085352, 0.010420935180187314, 0.07993376736447919, 0.006946151442864705
20, 7, 0.024389214686391818, 0.010420935180187314, 0.015195672411456107, 0.006946151442864705
20, 8, 0.010701485698509374, 0.010420935180187314, 0.006878410744251638, 0.006946151442864705
20, 9, 0.026639976597319585, 0.010420935180187314, 0.01673184507408899, 0.006946151442864705
21, 0, 0.014948508512913797, 0.010420935180187314, 0.009612119496161732, 0.006946151442864705
21, 1, 0.023858826422878694, 0.010420935180187314, 0.015537144681960819, 0.006946151442864705
21, 2, 0.06379838457116192, 0.010420935180187314, 0.04229544321220471, 0.006946151442864705
21, 3, 0.08625004123868778, 0.010420935180187314, 0.056285380305054596, 0.006946151442864705
21, 4, 0.25278104070480745, 0.010420935180187314, 0.1674780049959527, 0.006946151442864705
21, 5, 0.03532944028769307, 0.010420935180187314, 0.022036999227527315, 0.006946151442864705
21, 6, 0.044697148120968526, 0.010420935180187314, 0.03015139806887415, 0.006946151442864705
21, 7, 0.05402036375876251, 0.010420935180187314, 0.03454044798910288, 0.006946151442864705
21, 8, 0.032268037657485545, 0.010420935180187314, 0.022592618549272525, 0.006946151442864705
21, 9, 0.02541142787453872, 0.010420935180187314, 0.015801684222546835, 0.006946151442864705
22, 0, 0.013371469655370173, 0.010420935180187314, 0.008435737652608273, 0.006946151442864705
22, 1, 0.015361603858185786, 0.010420935180187314, 0.009531683320343924, 0.006946151442864705
22, 2, 0.03543807032001204, 0.010420935180187314, 0.02340692141580283, 0.006946151442864705
22, 3, 0.01641144463654103, 0.010420935180187314, 0.010417272150485705, 0.006946151442864705
22, 4, 0.2725501455587938, 0.010420935180187314, 0.18027801054922665, 0.006946151442864705
22, 5, 0.03764405808152502, 0.010420935180187314, 0.02365806737860783, 0.006946151442864705
22, 6, 0.024496919869632684, 0.010420935180187314, 0.017231860879246844, 0.006946151442864705
22, 7, 0.04750518774857576, 0.010420935180187314, 0.030242442856420942, 0.006946151442864705
22, 8, 0.08236685162814013, 0.010420935180187314, 0.05451971072268344, 0.006946151442864705
22, 9, 0.021450671520482162, 0.010420935180187314, 0.013259133995735875, 0.006946151442864705
23, 0, 0.012405047106188333, 0.010420935180187314, 0.007837198100396552, 0.006946151442864705
23, 1, 0.021253337328693663, 0.010420935180187314, 0.013112701037362479, 0.006946151442864705
23, 2, 0.015289926774682322, 0.010420935180187314, 0.010698741553957516, 0.006946151442864705
23, 3, 0.01806367538766071, 0.010420935180187314, 0.011141947751890952, 0.006946151442864705
23, 4, 0.02093371980702889, 0.010420935180187314, 0.013411525505745966, 0.006946151442864705
23, 5, 0.026662966491586008, 0.010420935180187314, 0.01670108642435097, 0.006946151442864705
23, 6, 0.015058255749514495, 0.010420935180187314, 0.010005231118310566, 0.006946151442864705
23, 7, 0.03702963742688328, 0.010420935180187314, 0.0233227987887302, 0.006946151442864705
23, 8, 0.13459269349419642, 0.010420935180187314, 0.0892381941871649, 0.006946151442864705
23, 9, 0.01967864805149647, 0.010420935180187314, 0.012158179538482578, 0.006946151442864705
24, 0, 0.1041849121019831, 0.010420935180187314, 0.06796779027141026, 0.006946151442864705
24, 1, 0.03345108312137482, 0.010420935180187314, 0.021147552634088535, 0.006946151442864705
24, 2, 0.019528960286282464, 0.010420935180187314, 0.013708319905448295, 0.006946151442864705
24, 3, 0.01913817584472474, 0.010420935180187314, 0.011787652890371187, 0.006946151442864705
24, 4, 0.013882273392262535, 0.010420935180187314, 0.00871033868915441, 0.006946151442864705
24, 5, 0.015983155990536096, 0.010420935180187314, 0.009887978229172706, 0.006946151442864705
24, 6, 0.03635693936891981, 0.010420935180187314, 0.02302552042064429, 0.006946151442864705
24, 7, 0.022485751715994054, 0.010420935180187314, 0.013984877052016979, 0.006946151442864705
24, 8, 0.0602945530281578, 0.010420935180187314, 0.039811502190795586, 0.006946151442864705
24, 9, 0.014644470051291126, 0.010420935180187314, 0.00914821358152065, 0.006946151442864705
25, 0, 0.3220115246942607, 0.010420935180187314, 0.21161958540433234, 0.006946151442864705
25, 1, 0.01892938928835553, 0.010420935180187314, 0.011693986645141556, 0.006946151442864705
25, 2, 0.021626591932914174, 0.010420935180187314, 0.015189515549140038, 0.006946151442864705
25, 3, 0.016408114430702468, 0.010420935180187314, 0.010118710149764693, 0.006946151442864705
25, 4, 0.021226748337745467, 0.010420935180187314, 0.013103047939463168, 0.006946151442864705
25, 5, 0.011871302830462206, 0.010420935180187314, 0.007940002347380895, 0.006946151442864705
25, 6, 0.06575989148361783, 0.010420935180187314, 0.041975632758359444, 0.006946151442864705
25, 7, 0.011115606637078028, 0.010420935180187314, 0.007167528163508043, 0.006946151442864705
25, 8, 0.01139579991486251, 0.010420935180187314, 0.00723232657969407, 0.006946151442864705
25, 9, 0.01189377321085648, 0.010420935180187314, 0.007730377985391899, 0.006946151442864705
26, 0, 0.28651624412521925, 0.010420935180187314, 0.188314024347953, 0.006946151442864705
26, 1, 0.011981335309153091, 0.010420935180187314, 0.007540723449292499, 0.006946151442864705
26, 2, 0.01586157406347082, 0.010420935180187314, 0.011055319144042904, 0.006946151442864705
26, 3, 0.011810380854675727, 0.010420935180187314, 0.007423425502857077, 0.006946151442864705
26, 4, 0.025625657149586794, 0.010420935180187314, 0.015818740836003847, 0.006946151442864705
26, 5, 0.02070532038262542, 0.010420935180187314, 0.014493058813041658, 0.006946151442864705
26, 6, 0.04539484214639373, 0.010420935180187314, 0.02861268345484064, 0.006946151442864705
26, 7, 0.013756542809047131, 0.010420935180187314, 0.009594309685702632, 0.006946151442864705
26, 8, 0.02730712498081552, 0.010420935180187314, 0.016872046756345672, 0.006946151442864705
26, 9, 0.013055613237275178, 0.010420935180187314, 0.008974907232799463, 0.006946151442864705
27, 0, 0.013520546688326425, 0.010420935180187314, 0.00873156672539761, 0.006946151442864705
27, 1, 0.01847582333723621, 0.010420935180187314, 0.012345379997229662, 0.006946151442864705
27, 2, 0.011987056727235962, 0.010420935180187314, 0.008212991802450486, 0.006946151442864705
27, 3, 0.010406497452798537, 0.010406497452798537, 0.006962780260184126, 0.006962780260184126
27, 4, 0.014127304400807748, 0.010406497452798537, 0.008844220789219695, 0.006962780260184126
27, 5, 0.026347400376967645, 0.010406497452798537, 0.018481738429258175, 0.006962780260184126
27, 6, 0.01293481341683146, 0.010406497452798537, 0.00818597304291944, 0.006962780260184126
27, 7, 0.021751054562056685, 0.010406497452798537, 0.015328828333796675, 0.006962780260184126
27, 8, 0.03551071533879059, 0.010406497452798537, 0.022268744412684352, 0.006962780260184126
27, 9, 0.017934565891576784, 0.010406497452798537, 0.012590032303939456, 0.006962780260184126
28, 0, 0.0114577004696623, 0.010406497452798537, 0.007773430988410904, 0.006962780260184126
28, 1, 0.03578025156106226, 0.010406497452798537, 0.024317693566235338, 0.006962780260184126
28, 2, 0.010622467532557392, 0.010406497452798537, 0.00704604729483773, 0.006962780260184126
28, 3, 0.013566324938878221, 0.010406497452798537, 0.0094715980381944, 0.006962780260184126
28, 4, 0.014525289908583974, 0.010406497452798537, 0.010107067038266577, 0.006962780260184126
28, 5, 0.02827758478307556, 0.010406497452798537, 0.0198488113403423, 0.006962780260184126
28, 6, 0.0187854338675093, 0.010406497452798537, 0.01320096312029772, 0.006962780260184126
28, 7, 0.031180993155204798, 0.010406497452798537, 0.02192179358991017, 0.006962780260184126
28, 8, 0.02536003285209974, 0.010406497452798537, 0.016106553028317684, 0.006962780260184126
28, 9, 0.01583516197736018, 0.010406497452798537, 0.011111869009057336, 0.006962780260184126
29, 0, 0.015071379876532124, 0.010406497452798537, 0.010524656346371493, 0.006962780260184126
29, 1, 0.04318522290177959, 0.010406497452798537, 0.029502086829401513, 0.006962780260184126
29, 2, 0.012155107194518408, 0.010406497452798537, 0.007916459599913958, 0.006962780260184126
29, 3, 0.017945190261898482, 0.010406497452798537, 0.012643043312516348, 0.006962780260184126
29, 4, 0.028555633508047386, 0.010406497452798537, 0.020000173886035134, 0.006962780260184126
29, 5, 0.02728179915113214, 0.010406497452798537, 0.019155242799509562, 0.006962780260184126
29, 6, 0.047868401719358196, 0.010406497452798537, 0.033407395993551636, 0.006962780260184126
29, 7, 0.030245150710266747, 0.010406497452798537, 0.02127341761817415, 0.006962780260184126
29, 8, 0.018893920924970185, 0.010406497452798537, 0.012695509375153102, 0.006962780260184126
29, 9, 0.012478481448077759, 0.010406497452798537, 0.00864222396123574, 0.006962780260184126
30, 0, 0.039426637039567045, 0.010406497452798537, 0.02681969587834651, 0.006962780260184126
30, 1, 0.035959304167863276, 0.010406497452798537, 0.024378213928775577, 0.006962780260184126
30, 2, 0.025770939424655318, 0.010406497452798537, 0.0168128508010051, 0.006962780260184126
30, 3, 0.025770939424655318, 0.010406497452798537, 0.0168128508010051, 0.006962780260184126
30, 4, 0.02701985678491667, 0.010406497452798537, 0.018073998315969415, 0.006962780260184126
30, 5, 0.018188894813975457, 0.010406497452798537, 0.012778435458067075, 0.006962780260184126
30, 6, 0.042633738698067726, 0.010406497452798537, 0.029811075968483907, 0.006962780260184126
30, 7, 0.0190519452512727, 0.010406497452798537, 0.013435982665416962, 0.006962780260184126
30, 8, 0.024412848545420703, 0.010406497452798537, 0.017158091234491465, 0.006962780260184126
30, 9, 0.01057364037416501, 0.010406497452798537, 0.007039521148016222, 0.006962780260184126
31, 0, 0.03658136402640758, 0.010406497452798537, 0.024777287407662132, 0.006962780260184126
31, 1, 0.011950015777497292, 0.010406497452798537, 0.008248792763518661, 0.006962780260184126
31, 2, 0.028153201263509644, 0.010406497452798537, 0.01853826403579714, 0.006962780260184126
31, 3, 0.02110700541941124, 0.010406497452798537, 0.014897890293058763, 0.006962780260184126
31, 4, 0.018194616220829452, 0.010406497452798537, 0.012229619154342184, 0.006962780260184126
31, 5, 0.013587899251541675, 0.010406497452798537, 0.009186920696258162, 0.006962780260184126
31, 6, 0.017843095727397604, 0.010406497452798537, 0.01254486660428286, 0.006962780260184126
31, 7, 0.010762570711237443, 0.010406497452798537, 0.007228370893019331, 0.006962780260184126
31, 8, 0.03260572525752599, 0.010406497452798537, 0.022790143428792306, 0.006962780260184126
31, 9, 0.0105390847904931, 0.010406497452798537, 0.0069404032926087475, 0.006962780260184126
32, 0, 0.01171620490338288, 0.010406497452798537, 0.007992825328547688, 0.006962780260184126
32, 1, 0.032140708780317676, 0.010406497452798537, 0.02115704067511415, 0.006962780260184126
32, 2, 0.014043666906793172, 0.010406497452798537, 0.009770335702532369, 0.006962780260184126
32, 3, 0.015382770243814865, 0.010406497452798537, 0.01080339521003943, 0.006962780260184126
32, 4, 0.013222608802260507, 0.010406497452798537, 0.008836292839654416, 0.006962780260184126
32, 5, 0.011621031570970036, 0.010406497452798537, 0.007707310270460007, 0.006962780260184126
32, 6, 0.01279621593923474, 0.010406497452798537, 0.008185939072525107, 0.006962780260184126
32, 7, 0.014834074931316816, 0.010406497452798537, 0.00934032260870203, 0.006962780260184126
32, 8, 0.030396985220492962, 0.010406497452798537, 0.0212537248906704, 0.006962780260184126
32, 9, 0.01077629832020167, 0.010406497452798537, 0.007123610919736686, 0.006962780260184126
33, 0, 0.01602761208527049, 0.010406497452798537, 0.01036305416979509, 0.006962780260184126
33, 1, 0.16219313026572732, 0.010406497452798537, 0.10683530518457589, 0.006962780260184126
33, 2, 0.02054083596873111, 0.010406497452798537, 0.014486247090453201, 0.006962780260184126
33, 3, 0.01155800033564328, 0.010406497452798537, 0.00792000023138936, 0.006962780260184126
33, 4, 0.016282928259803812, 0.010406497452798537, 0.010093260428676039, 0.006962780260184126
33, 5, 0.014965871091389221, 0.010406497452798537, 0.009672898082505715, 0.006962780260184126
33, 6, 0.031771105423915806, 0.010406497452798537, 0.019859224369852036, 0.006962780260184126
33, 7, 0.016599464138327892, 0.010406497452798537, 0.010344633749574885, 0.006962780260184126
33, 8, 0.0176074378307772, 0.010406497452798537, 0.012364221393124368, 0.006962780260184126
33, 9, 0.010702748483312286, 0.010406497452798537, 0.007140558717288596, 0.006962780260184126
34, 0, 0.42178727077881867, 0.010406497452798537, 0.27785831396402483, 0.006962780260184126
34, 1, 0.05560068578577902, 0.010406497452798537, 0.03615047308476602, 0.006962780260184126
34, 2, 0.028629352272276448, 0.010406497452798537, 0.020126730482059506, 0.006962780260184126
34, 3, 0.010450140553788699, 0.010406497452798537, 0.006842406136260554, 0.006962780260184126
34, 4, 0.025003930263451244, 0.010406497452798537, 0.01545475250755384, 0.006962780260184126
34, 5, 0.018029015170560492, 0.010406497452798537, 0.011512237330301212, 0.006962780260184126
34, 6, 0.049021585326871606, 0.010406497452798537, 0.0308893778217704, 0.006962780260184126
34, 7, 0.01398519668906124, 0.010406497452798537, 0.008720643248579704, 0.006962780260184126
34, 8, 0.010281008800262852, 0.010281008800262852, 0.006707180157503168, 0.006707180157503168
34, 9, 0.010923595876046799, 0.010281008800262852, 0.007329444899528101, 0.006707180157503168
35, 0, 0.4072383893119199, 0.010281008800262852, 0.26847935080279256, 0.006707180157503168
35, 1, 0.01258830117096422, 0.010281008800262852, 0.007867334742581958, 0.006707180157503168
35, 2, 0.02201340630572726, 0.010281008800262852, 0.015468830197497112, 0.006707180157503168
35, 3, 0.011269167984066176, 0.010281008800262852, 0.0071296981478066535, 0.006707180157503168
35, 4, 0.023690522505390776, 0.010281008800262852, 0.014622844785261586, 0.006707180157503168
35, 5, 0.015285824600293667, 0.010281008800262852, 0.00984634650937702, 0.006707180157503168
35, 6, 0.031588005138496585, 0.010281008800262852, 0.01964666964690717, 0.006707180157503168
35, 7, 0.010227477869074615, 0.010227477869074615, 0.00669011045083134, 0.00669011045083134
35, 8, 0.02727696016896353, 0.010227477869074615, 0.017233255566743013, 0.00669011045083134
35, 9, 0.010716204899203368, 0.010227477869074615, 0.007122579318787354, 0.00669011045083134
36, 0, 0.3263909870686143, 0.010227477869074615, 0.2153623061155517, 0.00669011045083134
36, 1, 0.012630155592616644, 0.010227477869074615, 0.007883855718127416, 0.00669011045083134
36, 2, 0.012780940667220238, 0.010227477869074615, 0.008797330751725075, 0.00669011045083134
36, 3, 0.012711091762101475, 0.010227477869074615, 0.007929229089370994, 0.00669011045083134
36, 4, 0.017268014916948522, 0.010227477869074615, 0.010652634718273836, 0.00669011045083134
36, 5, 0.0114609741796346, 0.010227477869074615, 0.0075248155335124476, 0.00669011045083134
36, 6, 0.01603089300253975, 0.010227477869074615, 0.00990694121340517, 0.00669011045083134
36, 7, 0.012275503860006833, 0.010227477869074615, 0.008482637878022208, 0.00669011045083134
36, 8, 0.031446908940005715, 0.010227477869074615, 0.019708135525545994, 0.00669011045083134
36, 9, 0.010900097169504299, 0.010227477869074615, 0.0072396765690952635, 0.00669011045083134
37, 0, 0.03488534479938473, 0.010227477869074615, 0.022496540825054732, 0.00669011045083134
37, 1, 0.025434931048096878, 0.010227477869074615, 0.016565562236134184, 0.00669011045083134
37, 2, 0.011342408452584591, 0.010227477869074615, 0.007249483317712277, 0.00669011045083134
37, 3, 0.01286682916067341, 0.010227477869074615, 0.008014183332938242, 0.00669011045083134
37, 4, 0.01113860576179942, 0.010227477869074615, 0.007329567694886429, 0.00669011045083134
37, 5, 0.01180729606942602, 0.010227477869074615, 0.008103817975952316, 0.00669011045083134
37, 6, 0.011106884856121251, 0.010227477869074615, 0.00755460959260231, 0.00669011045083134
37, 7, 0.01566176882875624, 0.010227477869074615, 0.01097538483710746, 0.00669011045083134
37, 8, 0.024140263799643954, 0.010227477869074615, 0.015394082127420385, 0.00669011045083134
37, 9, 0.010983771447439266, 0.010227477869074615, 0.0073829556827178415, 0.00669011045083134
38, 0, 0.01147873107715464, 0.010227477869074615, 0.007684334413194779, 0.00669011045083134
38, 1, 0.025031348454376812, 0.010227477869074615, 0.01651966898218379, 0.00669011045083134
38, 2, 0.012871596672498507, 0.010227477869074615, 0.008044972726950088, 0.00669011045083134
38, 3, 0.010361772292519323, 0.010227477869074615, 0.006768883333578085, 0.00669011045083134
38, 4, 0.04089672088614345, 0.010227477869074615, 0.0277441608787122, 0.00669011045083134
38, 5, 0.015059596040118438, 0.010227477869074615, 0.010527306013430743, 0.00669011045083134
38, 6, 0.024738139397000137, 0.010227477869074615, 0.017403284444662, 0.00669011045083134
38, 7, 0.014457855186984695, 0.010227477869074615, 0.010096269160784124, 0.00669011045083134
38, 8, 0.033534292856171585, 0.010227477869074615, 0.022696654383958195, 0.00669011045083134
38, 9, 0.01153702587037155, 0.010227477869074615, 0.007870156257328308, 0.00669011045083134
39, 0, 0.014063548304231196, 0.010227477869074615, 0.00973991922503955, 0.00669011045083134
39, 1, 0.02450098757510572, 0.010227477869074615, 0.01632765682283554, 0.00669011045083134
39, 2, 0.012553858559643657, 0.010227477869074615, 0.007900663572714439, 0.00669011045083134
39, 3, 0.011534256476178718, 0.010227477869074615, 0.007929244125494289, 0.00669011045083134
39, 4, 0.05488136207815434, 0.010227477869074615, 0.03743004285044483, 0.00669011045083134
39, 5, 0.01718861511362776, 0.010227477869074615, 0.012058854546431451, 0.00669011045083134
39, 6, 0.03486416595219987, 0.010227477869074615, 0.024438366441923338, 0.00669011045083134
39, 7, 0.013176470497608346, 0.010227477869074615, 0.009142937690278819, 0.00669011045083134
39, 8, 0.03978277147899695, 0.010227477869074615, 0.027560792080732463, 0.00669011045083134
39, 9, 0.011693265819492905, 0.010227477869074615, 0.007998583912369472, 0.00669011045083134
40, 0, 0.020756222578368896, 0.010227477869074615, 0.014398140715027803, 0.00669011045083134
40, 1, 0.02916125554393587, 0.010227477869074615, 0.01952783984608702, 0.00669011045083134
40, 2, 0.011505838808503501, 0.010227477869074615, 0.00739519398980484, 0.00669011045083134
40, 3, 0.014307490565902569, 0.010227477869074615, 0.010004852976430388, 0.00669011045083134
40, 4, 0.04738295423691565, 0.010227477869074615, 0.0326257178575319, 0.00669011045083134
40, 5, 0.012965919645466058, 0.010227477869074615, 0.008975591277420683, 0.00669011045083134
40, 6, 0.03331834212644387, 0.010227477869074615, 0.02336935216317595, 0.00669011045083134
40, 7, 0.011677983371701992, 0.010227477869074615, 0.00801272692406769, 0.00669011045083134
40, 8, 0.03870043217718413, 0.010227477869074615, 0.027091852679540507, 0.00669011045083134
40, 9, 0.011324821516583825, 0.010227477869074615, 0.0077151617487376785, 0.00669011045083134
41, 0, 0.01714669516750938, 0.010227477869074615, 0.011942261917370309, 0.00669011045083134
41, 1, 0.011102009732895405, 0.010227477869074615, 0.007530806215704521, 0.00669011045083134
41, 2, 0.010667421508476169, 0.010227477869074615, 0.00707879314440291, 0.00669011045083134
41, 3, 0.014680154340133382, 0.010227477869074615, 0.01028113784667845, 0.00669011045083134
41, 4, 0.027139664102000065, 0.010227477869074615, 0.018976595571385185, 0.00669011045083134
41, 5, 0.011036274862077958, 0.010227477869074615, 0.007435215749556593, 0.00669011045083134
41, 6, 0.02015578387404615, 0.010227477869074615, 0.01417699425871548, 0.00669011045083134
41, 7, 0.010360537007081562, 0.010227477869074615, 0.006916978277877969, 0.00669011045083134
41, 8, 0.023058844107415745, 0.010227477869074615, 0.01620686826504045, 0.00669011045083134
41, 9, 0.01069143476773482, 0.010227477869074615, 0.007184290023000806, 0.00669011045083134
42, 0, 0.012696884759274617, 0.010227477869074615, 0.008683722550159811, 0.00669011045083134
42, 1, 0.1257738791544449, 0.010227477869074615, 0.08257381118339839, 0.00669011045083134
42, 2, 0.011516017166197934, 0.010227477869074615, 0.007896310861496352, 0.00669011045083134
42, 3, 0.010503049542222328, 0.010227477869074615, 0.007073100803405161, 0.00669011045083134
42, 4, 0.01340269999779237, 0.010227477869074615, 0.00931385246224342, 0.00669011045083134
42, 5, 0.011342254353005737, 0.010227477869074615, 0.007424534837212614, 0.00669011045083134
42, 6, 0.010208526588400225, 0.010208526588400225, 0.006747191825235095, 0.006747191825235095
42, 7, 0.010418751020980796, 0.010208526588400225, 0.006732909961613587, 0.006747191825235095
42, 8, 0.010667878255156998, 0.010208526588400225, 0.00696804906781788, 0.006747191825235095
42, 9, 0.010432369830061267, 0.010208526588400225, 0.006863263730620634, 0.006747191825235095
43, 0, 0.1327723016064574, 0.010208526588400225, 0.08686291130142314, 0.006747191825235095
43, 1, 0.11961192213855673, 0.010208526588400225, 0.07819389103727538, 0.006747191825235095
43, 2, 0.012599392083588748, 0.010208526588400225, 0.008731386689988832, 0.006747191825235095
43, 3, 0.01118813182661624, 0.010208526588400225, 0.00709370539193207, 0.006747191825235095
43, 4, 0.010705454432338316, 0.010208526588400225, 0.006976596161506956, 0.006747191825235095
43, 5, 0.012369512037555994, 0.010208526588400225, 0.007992711686742985, 0.006747191825235095
43, 6, 0.016921051950906964, 0.010208526588400225, 0.01044085046692498, 0.006747191825235095
43, 7, 0.012123214956688695, 0.010208526588400225, 0.007613844350505442, 0.006747191825235095
43, 8, 0.024392403132518257, 0.010208526588400225, 0.015111886108859619, 0.006747191825235095
43, 9, 0.012810440393401889, 0.010208526588400225, 0.00817670946748817, 0.006747191825235095
44, 0, 0.402332369707645, 0.010208526588400225, 0.26525949087506845, 0.006747191825235095
44, 1, 0.013177315636419632, 0.010208526588400225, 0.008215931910373524, 0.006747191825235095
44, 2, 0.010949045700626426, 0.010208526588400225, 0.007355964472284887, 0.006747191825235095
44, 3, 0.015068813543539205, 0.010208526588400225, 0.009312094219351441, 0.006747191825235095
44, 4, 0.016476535462589974, 0.010208526588400225, 0.010179424005794128, 0.006747191825235095
44, 5, 0.013344245091778914, 0.010208526588400225, 0.008434872021181058, 0.006747191825235095
44, 6, 0.02887730783568627, 0.010208526588400225, 0.017887442844284174, 0.006747191825235095
44, 7, 0.016287701671366533, 0.010208526588400225, 0.010081102778178254, 0.006747191825235095
44, 8, 0.05340601259341055, 0.010208526588400225, 0.0336512108702707, 0.006747191825235095
44, 9, 0.017475687138072384, 0.010208526588400225, 0.011065612129929623, 0.006747191825235095
45, 0, 0.3931874422101815, 0.010208526588400225, 0.25924550269333185, 0.006747191825235095
45, 1, 0.016866346840453038, 0.010208526588400225, 0.010438362598680617, 0.006747191825235095
45, 2, 0.012189377726339, 0.010208526588400225, 0.007689385366303624, 0.006747191825235095
45, 3, 0.01603884026857351, 0.010208526588400225, 0.00990094686759552, 0.006747191825235095
45, 4, 0.027482585249969403, 0.010208526588400225, 0.016995007393680147, 0.006747191825235095
45, 5, 0.012842995051841536, 0.010208526588400225, 0.008062114729427094, 0.006747191825235095
45, 6, 0.032528160507252706, 0.010208526588400225, 0.02020506954791429, 0.006747191825235095
45, 7, 0.022308694485390784, 0.010208526588400225, 0.013788743954515617, 0.006747191825235095
45, 8, 0.07985592700106837, 0.010208526588400225, 0.05089233336300667, 0.006747191825235095
45, 9, 0.021184150010165957, 0.010208526588400225, 0.013392081085739653, 0.006747191825235095
46, 0, 0.0656652520476055, 0.010208526588400225, 0.04242179918752783, 0.006747191825235095
46, 1, 0.0294660755822952, 0.010208526588400225, 0.018513461384277383, 0.006747191825235095
46, 2, 0.019275250754102396, 0.010208526588400225, 0.011979926920091989, 0.006747191825235095
46, 3, 0.014942850438219033, 0.010208526588400225, 0.009256412852626439, 0.006747191825235095
46, 4, 0.026440130415549313, 0.010208526588400225, 0.01634623131776759, 0.006747191825235095
46, 5, 0.013403761517250605, 0.010208526588400225, 0.008343204117151028, 0.006747191825235095
46, 6, 0.0322633943890574, 0.010208526588400225, 0.02004790677649651, 0.006747191825235095
46, 7, 0.02425984210040789, 0.010208526588400225, 0.01501008061905947, 0.006747191825235095
46, 8, 0.07278580570755568, 0.010208526588400225, 0.046300804726293214, 0.006747191825235095
46, 9, 0.014116481315943454, 0.010208526588400225, 0.008796480719892317, 0.006747191825235095
47, 0, 0.021180169831197564, 0.010208526588400225, 0.013097818008549264, 0.006747191825235095
47, 1, 0.03511579539673382, 0.010208526588400225, 0.022022545265454788, 0.006747191825235095
47, 2, 0.021024015878374856, 0.010208526588400225, 0.013147048838863876, 0.006747191825235095
47, 3, 0.013332276213881257, 0.010208526588400225, 0.00831309417986913, 0.006747191825235095
47, 4, 0.025505417510725898, 0.010208526588400225, 0.015758721249035986, 0.006747191825235095
47, 5, 0.012761489828358324, 0.010208526588400225, 0.007966849939355073, 0.006747191825235095
47, 6, 0.031014080492238066, 0.010208526588400225, 0.019273620855977894, 0.006747191825235095
47, 7, 0.017150181585967768, 0.010208526588400225, 0.0105878256654977, 0.006747191825235095
47, 8, 0.028405433853574868, 0.010208526588400225, 0.017624454039279768, 0.006747191825235095
47, 9, 0.011819746949938887, 0.010208526588400225, 0.007448240719036994, 0.006747191825235095
48, 0, 0.020728305170525364, 0.010208526588400225, 0.012803856856071534, 0.006747191825235095
48, 1, 0.031552678107743884, 0.010208526588400225, 0.019860540274506934, 0.006747191825235095
48, 2, 0.019034175066684856, 0.010208526588400225, 0.011841385218422887, 0.006747191825235095
48, 3, 0.012414484578057413, 0.010208526588400225, 0.007796086786613361, 0.006747191825235095
48, 4, 0.020323509973461943, 0.010208526588400225, 0.012540934776700994, 0.006747191825235095
48, 5, 0.014112203922699343, 0.010208526588400225, 0.008744414739654009, 0.006747191825235095
48, 6, 0.01785524945434852, 0.010208526588400225, 0.011041092116263104, 0.006747191825235095
48, 7, 0.01096340241513578, 0.010208526588400225, 0.006986583277127381, 0.006747191825235095
48, 8, 0.025481507446491188, 0.010208526588400225, 0.0168285517096466, 0.006747191825235095
48, 9, 0.010600903397917963, 0.010208526588400225, 0.006838125293143936, 0.006747191825235095
49, 0, 0.025742275971656212, 0.010208526588400225, 0.016376069864026947, 0.006747191825235095
49, 1, 0.013023597163818547, 0.010208526588400225, 0.008168648877339065, 0.006747191825235095
49, 2, 0.014024490261546584, 0.010208526588400225, 0.008755951088919337, 0.006747191825235095
49, 3, 0.012148060502423962, 0.010208526588400225, 0.007659788622830828, 0.006747191825235095
49, 4, 0.015599976336231454, 0.010208526588400225, 0.009642288235697368, 0.006747191825235095
49, 5, 0.014608149547050071, 0.010208526588400225, 0.009045555158503684, 0.006747191825235095
49, 6, 0.010226940499282135, 0.010208526588400225, 0.006646929707728709, 0.006747191825235095
49, 7, 0.011442689392143457, 0.010208526588400225, 0.007853151844260853, 0.006747191825235095
49, 8, 0.026561413747385704, 0.010208526588400225, 0.01852134683278886, 0.006747191825235095
49, 9, 0.010441296824285781, 0.010208526588400225, 0.0069581360411264115, 0.006747191825235095
50, 0, 0.02444363348640281, 0.010208526588400225, 0.015843825843787202, 0.006747191825235095
50, 1, 0.011970476063125707, 0.010208526588400225, 0.00816382192963792, 0.006747191825235095
50, 2, 0.01106863605670737, 0.010208526588400225, 0.007134567053734283, 0.006747191825235095
50, 3, 0.010914193660353302, 0.010208526588400225, 0.006965052934336267, 0.006747191825235095
50, 4, 0.010890233018616718, 0.010208526588400225, 0.007095095908602343, 0.006747191825235095
50, 5, 0.01188120005535064, 0.010208526588400225, 0.007510063637256064, 0.006747191825235095
50, 6, 0.01395238362280551, 0.010208526588400225, 0.009751408649299567, 0.006747191825235095
50, 7, 0.018031569506411008, 0.010208526588400225, 0.01268375311263701, 0.006747191825235095
50, 8, 0.045596455708495236, 0.010208526588400225, 0.03185936236919222, 0.006747191825235095
50, 9, 0.012355522929198684, 0.010208526588400225, 0.008536850259342718, 0.006747191825235095
51, 0, 0.027974723867764107, 0.010208526588400225, 0.018582353509745908, 0.006747191825235095
51, 1, 0.04279387862131689, 0.010208526588400225, 0.028131522961897124, 0.006747191825235095
51, 2, 0.0109868436836741, 0.010208526588400225, 0.007470036671845769, 0.006747191825235095
51, 3, 0.010097393068801475, 0.010097393068801475, 0.006718268614111271, 0.006718268614111271
51, 4, 0.01648793847622406, 0.010097393068801475, 0.011382402020564134, 0.006718268614111271
51, 5, 0.010638162764775036, 0.010097393068801475, 0.007040253685513681, 0.006718268614111271
51, 6, 0.025677097839666093, 0.010097393068801475, 0.018061976550388655, 0.006718268614111271
51, 7, 0.020534449078006826, 0.010097393068801475, 0.014458803283363096, 0.006718268614111271
51, 8, 0.040631478761235275, 0.010097393068801475, 0.028417676055642892, 0.006718268614111271
51, 9, 0.01744140345725156, 0.010097393068801475, 0.012252776744255693, 0.006718268614111271
52, 0, 0.013630078587931844, 0.010097393068801475, 0.009429506367966741, 0.006718268614111271
52, 1, 0.048259316112373274, 0.010097393068801475, 0.031620800609822856, 0.006718268614111271
52, 2, 0.014143337694264532, 0.010097393068801475, 0.009875818084981362, 0.006718268614111271
52, 3, 0.011582244059235473, 0.010097393068801475, 0.007970831502403663, 0.006718268614111271
52, 4, 0.019661716223543343, 0.010097393068801475, 0.01384026120490437, 0.006718268614111271
52, 5, 0.012636812775590858, 0.010097393068801475, 0.008746293677169592, 0.006718268614111271
52, 6, 0.03426337232317842, 0.010097393068801475, 0.02402728235018765, 0.006718268614111271
52, 7, 0.018811773758215744, 0.010097393068801475, 0.013238997038705742, 0.006718268614111271
52, 8, 0.023358952043852146, 0.010097393068801475, 0.016428853917056344, 0.006718268614111271
52, 9, 0.01726104978998349, 0.010097393068801475, 0.012120010598422493, 0.006718268614111271
53, 0, 0.017840026919754948, 0.010097393068801475, 0.012338362884567982, 0.006718268614111271
53, 1, 0.011603422931254501, 0.010097393068801475, 0.00791760366627764, 0.006718268614111271
53, 2, 0.017581097541990946, 0.010097393068801475, 0.012325034101925564, 0.006718268614111271
53, 3, 0.014440593069938895, 0.010097393068801475, 0.01009955851000221, 0.006718268614111271
53, 4, 0.017204816106118938, 0.010097393068801475, 0.012065377149959462, 0.006718268614111271
53, 5, 0.016703265857511446, 0.010097393068801475, 0.011746566332632954, 0.006718268614111271
53, 6, 0.030129364294568195, 0.010097393068801475, 0.021152468228723468, 0.006718268614111271
53, 7, 0.013475284013199064, 0.010097393068801475, 0.00939444069573713, 0.006718268614111271
53, 8, 0.010377956505337991, 0.010097393068801475, 0.0067699335782596135, 0.006718268614111271
53, 9, 0.017316935826455992, 0.010097393068801475, 0.012168228186582303, 0.006718268614111271
54, 0, 0.1540191549264705, 0.010097393068801475, 0.10092710546634708, 0.006718268614111271
54, 1, 0.011015686810318693, 0.010097393068801475, 0.007021646880469274, 0.006718268614111271
54, 2, 0.018359947163085037, 0.010097393068801475, 0.012896861708118572, 0.006718268614111271
54, 3, 0.014521418303762296, 0.010097393068801475, 0.010127502108689937, 0.006718268614111271
54, 4, 0.013140410135287469, 0.010097393068801475, 0.00909226099108432, 0.006718268614111271
54, 5, 0.02148955382860367, 0.010097393068801475, 0.01515034463789685, 0.006718268614111271
54, 6, 0.018126098920013437, 0.010097393068801475, 0.01273166749130993, 0.006718268614111271
54, 7, 0.009325773655948411, 0.009325773655948411, 0.00607798342784879, 0.00607798342784879
54, 8, 0.019993412346363964, 0.009325773655948411, 0.012311074271691405, 0.00607798342784879
54, 9, 0.013636417113226612, 0.009325773655948411, 0.009342615560778405, 0.00607798342784879
55, 0, 0.3357740101771234, 0.009325773655948411, 0.2216493090476688, 0.00607798342784879
55, 1, 0.025912987018931383, 0.009325773655948411, 0.01646903501891243, 0.00607798342784879
55, 2, 0.014953693816703233, 0.009325773655948411, 0.01044517875455523, 0.00607798342784879
55, 3, 0.011282777467680858, 0.009325773655948411, 0.007731835834309499, 0.00607798342784879
55, 4, 0.010942075390411287, 0.009325773655948411, 0.007231584831225356, 0.00607798342784879
55, 5, 0.01439437275006191, 0.009325773655948411, 0.010084602301528427, 0.00607798342784879
55, 6, 0.010319627101711368, 0.009325773655948411, 0.006874087026646404, 0.00607798342784879
55, 7, 0.013675876541185353, 0.009325773655948411, 0.008475606969050494, 0.00607798342784879
55, 8, 0.03625791150359148, 0.009325773655948411, 0.022572258948257623, 0.00607798342784879
55, 9, 0.013395287424885494, 0.009325773655948411, 0.008706337648438166, 0.00607798342784879
56, 0, 0.05615550635759232, 0.009325773655948411, 0.03647170392807076, 0.00607798342784879
56, 1, 0.02397532720463617, 0.009325773655948411, 0.014796880040093928, 0.00607798342784879
56, 2, 0.013680980884635076, 0.009325773655948411, 0.009383708786740205, 0.00607798342784879
56, 3, 0.009958836609246378, 0.009325773655948411, 0.006511955300729459, 0.00607798342784879
56, 4, 0.012306009581224905, 0.009325773655948411, 0.0077290242202640675, 0.00607798342784879
56, 5, 0.010082242733869394, 0.009325773655948411, 0.006614301001982993, 0.00607798342784879
56, 6, 0.014134765356177133, 0.009325773655948411, 0.00874803827024409, 0.00607798342784879
56, 7, 0.021313389477569777, 0.009325773655948411, 0.0131396473806013, 0.00607798342784879
56, 8, 0.054004874078137005, 0.009325773655948411, 0.03404384052640431, 0.00607798342784879
56, 9, 0.02132287127836296, 0.009325773655948411, 0.013177595187354956, 0.00607798342784879
57, 0, 0.012203263916217589, 0.009325773655948411, 0.007787768755455872, 0.00607798342784879
57, 1, 0.029971444134960383, 0.009325773655948411, 0.018867808507271013, 0.00607798342784879
57, 2, 0.059432729056475155, 0.009325773655948411, 0.03868015355991384, 0.00607798342784879
57, 3, 0.01377513777075347, 0.009325773655948411, 0.00854580602298327, 0.00607798342784879
57, 4, 0.015778810085368248, 0.009325773655948411, 0.009744187028064384, 0.00607798342784879
57, 5, 0.015001722005011552, 0.009325773655948411, 0.009273508627040366, 0.00607798342784879
57, 6, 0.021606763354203615, 0.009325773655948411, 0.013329838704509258, 0.00607798342784879
57, 7, 0.03139579463902954, 0.009325773655948411, 0.019487425141810264, 0.00607798342784879
57, 8, 0.06413700599865686, 0.009325773655948411, 0.04067563967229649, 0.00607798342784879
57, 9, 0.02895641884424034, 0.009325773655948411, 0.017960849783261217, 0.00607798342784879
58, 0, 0.017679847422382475, 0.009325773655948411, 0.010944547824648612, 0.00607798342784879
58, 1, 0.01834101914742763, 0.009325773655948411, 0.011304839160639629, 0.00607798342784879
58, 2, 0.12504946690701782, 0.009325773655948411, 0.08171095215112036, 0.00607798342784879
58, 3, 0.01783996001008026, 0.009325773655948411, 0.011010593693988933, 0.00607798342784879
58, 4, 0.015011682959841099, 0.009325773655948411, 0.009270752380716474, 0.00607798342784879
58, 5, 0.024855259114725307, 0.009325773655948411, 0.015352889024108763, 0.00607798342784879
58, 6, 0.019522013820918126, 0.009325773655948411, 0.012032301027140575, 0.00607798342784879
58, 7, 0.024745019678371855, 0.009325773655948411, 0.015291585528750117, 0.00607798342784879
58, 8, 0.047058938465861094, 0.009325773655948411, 0.029586517950415572, 0.00607798342784879
58, 9, 0.035869855468144494, 0.009325773655948411, 0.022375052903481976, 0.00607798342784879
59, 0, 0.026742102958358282, 0.009325773655948411, 0.016555179057777224, 0.00607798342784879
59, 1, 0.015970230378725088, 0.009325773655948411, 0.009878699417594148, 0.00607798342784879
59, 2, 0.0764504306545239, 0.009325773655948411, 0.04942158610080059, 0.00607798342784879
59, 3, 0.019418812942925405, 0.009325773655948411, 0.011984552464746794, 0.00607798342784879
59, 4, 0.012359636160375546, 0.009325773655948411, 0.007714654734451268, 0.00607798342784879
59, 5, 0.03428480860313928, 0.009325773655948411, 0.021324166390280952, 0.00607798342784879
59, 6, 0.01831298512900725, 0.009325773655948411, 0.011291428890840269, 0.00607798342784879
59, 7, 0.018073707634482416, 0.009325773655948411, 0.011143858092698161, 0.00607798342784879
59, 8, 0.026328212653951525, 0.009325773655948411, 0.016333935211441348, 0.00607798342784879
59, 9, 0.03090287066146932, 0.009325773655948411, 0.019218186875993797, 0.00607798342784879
60, 0, 0.034780441085990176, 0.009325773655948411, 0.021629316533825157, 0.00607798342784879
60, 1, 0.015615212224054546, 0.009325773655948411, 0.00984810072805983, 0.00607798342784879
60, 2, 0.050164866490304216, 0.009325773655948411, 0.03173587996436326, 0.00607798342784879
60, 3, 0.020036950996217984, 0.009325773655948411, 0.012365948443446595, 0.00607798342784879
60, 4, 0.011179004938099486, 0.009325773655948411, 0.007058871263835656, 0.00607798342784879
60, 5, 0.025340519886527874, 0.009325773655948411, 0.01567105089164531, 0.00607798342784879
60, 6, 0.011858687274078086, 0.009325773655948411, 0.007440654195817026, 0.00607798342784879
60, 7, 0.010841085801377116, 0.009325773655948411, 0.0069068924628037515, 0.00607798342784879
60, 8, 0.010513902876546874, 0.009325773655948411, 0.006860012174558763, 0.00607798342784879
60, 9, 0.01394630937616395, 0.009325773655948411, 0.008688509359503407, 0.00607798342784879
61, 0, 0.020679622241349893, 0.009325773655948411, 0.012747339763337272, 0.00607798342784879
61, 1, 0.013334776409541432, 0.009325773655948411, 0.00863300912442101, 0.00607798342784879
61, 2, 0.015711314703232403, 0.009325773655948411, 0.00986101893032718, 0.00607798342784879
61, 3, 0.012510341093018235, 0.009325773655948411, 0.007805873742345914, 0.00607798342784879
61, 4, 0.010273905375115269, 0.009325773655948411, 0.0066895385744080256, 0.00607798342784879
61, 5, 0.012661119917534039, 0.009325773655948411, 0.00791307000487916, 0.00607798342784879
61, 6, 0.01035082355833791, 0.009325773655948411, 0.006930360339429376, 0.00607798342784879
61, 7, 0.01164832636068345, 0.009325773655948411, 0.008001611680511053, 0.00607798342784879
61, 8, 0.020979930651217307, 0.009325773655948411, 0.014758114487872662, 0.00607798342784879
61, 9, 0.015706495716740165, 0.009325773655948411, 0.010998872979438723, 0.00607798342784879
62, 0, 0.011071720419015095, 0.009325773655948411, 0.007375369357102799, 0.00607798342784879
62, 1, 0.010308681570536445, 0.009325773655948411, 0.006807570240501312, 0.00607798342784879
62, 2, 0.017595445560380125, 0.009325773655948411, 0.01227908192539348, 0.00607798342784879
62, 3, 0.010667204252722705, 0.009325773655948411, 0.007242589946558668, 0.00607798342784879
62, 4, 0.010782690619915042, 0.009325773655948411, 0.007288838808272799, 0.00607798342784879
62, 5, 0.012038666429527854, 0.009325773655948411, 0.008321796586183558, 0.00607798342784879
62, 6, 0.015131559817359988, 0.009325773655948411, 0.010583743671298428, 0.00607798342784879
62, 7, 0.016783952288710033, 0.009325773655948411, 0.011779375714633389, 0.00607798342784879
62, 8, 0.03883941958676879, 0.009325773655948411, 0.02718398851017982, 0.00607798342784879
62, 9, 0.036563840980331615, 0.009325773655948411, 0.0255568052376533, 0.00607798342784879
63, 0, 0.026596944543606837, 0.009325773655948411, 0.017532074588888804, 0.00607798342784879
63, 1, 0.012105747556936696, 0.009325773655948411, 0.008320668154825057, 0.00607798342784879
63, 2, 0.041849182269281374, 0.009325773655948411, 0.02923458495518372, 0.00607798342784879
63, 3, 0.018978216391479775, 0.009325773655948411, 0.01336390883161432, 0.00607798342784879
63, 4, 0.011861170031302616, 0.009325773655948411, 0.008157764541215352, 0.00607798342784879
63, 5, 0.022941639839860403, 0.009325773655948411, 0.01615386767944785, 0.00607798342784879
63, 6, 0.024062936929337267, 0.009325773655948411, 0.016932088780192606, 0.00607798342784879
63, 7, 0.02153021747633004, 0.009325773655948411, 0.01515145964827771, 0.00607798342784879
63, 8, 0.04007224519845591, 0.009325773655948411, 0.028045388352935522, 0.00607798342784879
63, 9, 0.05427188236653389, 0.009325773655948411, 0.037785780579026276, 0.00607798342784879
64, 0, 0.06934526137304763, 0.009325773655948411, 0.04536205260369613, 0.00607798342784879
64, 1, 0.020315539383823716, 0.009325773655948411, 0.013959329336831342, 0.00607798342784879
64, 2, 0.041059656009511024, 0.009325773655948411, 0.02874442685023897, 0.00607798342784879
64, 3, 0.023441773882498722, 0.009325773655948411, 0.016505841412777705, 0.00607798342784879
64, 4, 0.013215323651602669, 0.009325773655948411, 0.00918816303124155, 0.00607798342784879
64, 5, 0.03518110294480311, 0.009325773655948411, 0.024679715474418915, 0.00607798342784879
64, 6, 0.0319415488398827, 0.009325773655948411, 0.022401350968423658, 0.00607798342784879
64, 7, 0.02644944077062392, 0.009325773655948411, 0.018595134365170195, 0.00607798342784879
64, 8, 0.035545665930160494, 0.009325773655948411, 0.024916321051790827, 0.00607798342784879
64, 9, 0.05008167406961709, 0.009325773655948411, 0.034903468806264416, 0.00607798342784879
65, 0, 0.021020314856020732, 0.009325773655948411, 0.014314697519281758, 0.00607798342784879
65, 1, 0.024201749508583725, 0.009325773655948411, 0.016701891113880523, 0.00607798342784879
65, 2, 0.034772797810219226, 0.009325773655948411, 0.024381422125827303, 0.00607798342784879
65, 3, 0.028225125574057184, 0.009325773655948411, 0.019843886136224, 0.00607798342784879
65, 4, 0.015546912156492535, 0.009325773655948411, 0.010888312353619289, 0.00607798342784879
65, 5, 0.027398891820251903, 0.009325773655948411, 0.019278644727705428, 0.00607798342784879
65, 6, 0.03143398230058114, 0.009325773655948411, 0.022047380513552584, 0.00607798342784879
65, 7, 0.026500037444712115, 0.009325773655948411, 0.018624966344396577, 0.00607798342784879
65, 8, 0.02112865338079816, 0.009325773655948411, 0.014855519417801616, 0.00607798342784879
65, 9, 0.01585365627241331, 0.009325773655948411, 0.011114242456883812, 0.00607798342784879
66, 0, 0.04224795850962786, 0.009325773655948411, 0.029518049162088986, 0.00607798342784879
66, 1, 0.024729823310307715, 0.009325773655948411, 0.01726613100726754, 0.00607798342784879
66, 2, 0.01652022676116383, 0.009325773655948411, 0.011578474496625519, 0.00607798342784879
66, 3, 0.022008347803817253, 0.009325773655948411, 0.015497381186443305, 0.00607798342784879
66, 4, 0.019079826241664613, 0.009325773655948411, 0.013417815552576305, 0.00607798342784879
66, 5, 0.01946066740819601, 0.009325773655948411, 0.01370009960980238, 0.00607798342784879
66, 6, 0.022063745079941435, 0.009325773655948411, 0.015517131378405854, 0.00607798342784879
66, 7, 0.024317905373918057, 0.009325773655948411, 0.017108515973771353, 0.00607798342784879
66, 8, 0.01149767208077129, 0.009325773655948411, 0.007864366989064288, 0.00607798342784879
66, 9, 0.012660964009356332, 0.009325773655948411, 0.007889493581463071, 0.00607798342784879
67, 0, 0.03027945394463724, 0.009325773655948411, 0.021260860002498255, 0.00607798342784879
67, 1, 0.02380402950755441, 0.009325773655948411, 0.016746805021936616, 0.00607798342784879
67, 2, 0.011022147881336054, 0.009325773655948411, 0.007070895742360836, 0.00607798342784879
67, 3, 0.012682115327696865, 0.009325773655948411, 0.008799324145062909, 0.00607798342784879
67, 4, 0.020474857676497465, 0.009325773655948411, 0.014408303841673548, 0.00607798342784879
67, 5, 0.010897337515372078, 0.009325773655948411, 0.0074203584192651315, 0.00607798342784879
67, 6, 0.011364352319304575, 0.009325773655948411, 0.007776804880328694, 0.00607798342784879
67, 7, 0.019056718278915544, 0.009325773655948411, 0.013405607951052842, 0.00607798342784879
67, 8, 0.010527504809369521, 0.009325773655948411, 0.00676964628365516, 0.00607798342784879
67, 9, 0.02657928173874607, 0.009325773655948411, 0.0164645466828456, 0.00607798342784879
68, 0, 0.015747594622387062, 0.009325773655948411, 0.011011802384570153, 0.00607798342784879
68, 1, 0.023118639457812524, 0.009325773655948411, 0.016266675112627294, 0.00607798342784879
68, 2, 0.01689599996205501, 0.009325773655948411, 0.010569980543080476, 0.00607798342784879
68, 3, 0.010235937777432142, 0.009325773655948411, 0.0066834099988922445, 0.00607798342784879
68, 4, 0.021490518479331703, 0.009325773655948411, 0.01511197108812398, 0.00607798342784879
68, 5, 0.011281451710633375, 0.009325773655948411, 0.007130162154432567, 0.00607798342784879
68, 6, 0.010853364253218471, 0.009325773655948411, 0.006912678398572832, 0.00607798342784879
68, 7, 0.01171424986646846, 0.009325773655948411, 0.008057228352345002, 0.00607798342784879
68, 8, 0.013106388670349972, 0.009325773655948411, 0.008168952943310813, 0.00607798342784879
68, 9, 0.03524443272501806, 0.009325773655948411, 0.021974304986119447, 0.00607798342784879
69, 0, 0.01070357844391709, 0.009325773655948411, 0.00692057778105315, 0.00607798342784879
69, 1, 0.020145310728266582, 0.009325773655948411, 0.0141939238894878, 0.00607798342784879
69, 2, 0.017020985265435558, 0.009325773655948411, 0.010610244034589806, 0.00607798342784879
69, 3, 0.012871793155082691, 0.009325773655948411, 0.008013141006298023, 0.00607798342784879
69, 4, 0.01778065688134532, 0.009325773655948411, 0.012488405135939363, 0.00607798342784879
69, 5, 0.013412517975502507, 0.009325773655948411, 0.008323713872350471, 0.00607798342784879
69, 6, 0.01518227783879886, 0.009325773655948411, 0.009379472588746671, 0.00607798342784879
69, 7, 0.010252565097776428, 0.009325773655948411, 0.006646179685397833, 0.00607798342784879
69, 8, 0.015097746274040074, 0.009325773655948411, 0.009343453162218794, 0.00607798342784879
69, 9, 0.01617295832969361, 0.009325773655948411, 0.01000117181441519, 0.00607798342784879
70, 0, 0.017924375226414407, 0.009325773655948411, 0.011060051194828753, 0.00607798342784879
70, 1, 0.013509172826813324, 0.009325773655948411, 0.009385798638797791, 0.00607798342784879
70, 2, 0.014955654045187401, 0.009325773655948411, 0.009320067744413166, 0.00607798342784879
70, 3, 0.014373059077930177, 0.009325773655948411, 0.008884815946476565, 0.00607798342784879
70, 4, 0.01360679798448409, 0.009325773655948411, 0.009468970423067194, 0.00607798342784879
70, 5, 0.012311489875701742, 0.009325773655948411, 0.007685933246704846, 0.00607798342784879
70, 6, 0.018283904311299382, 0.009325773655948411, 0.011270555703707512, 0.00607798342784879
70, 7, 0.012783853229965225, 0.009325773655948411, 0.007950443499712004, 0.00607798342784879
70, 8, 0.015437880943832992, 0.009325773655948411, 0.00955428170933969, 0.00607798342784879
70, 9, 0.01134351624938509, 0.009325773655948411, 0.0077292915989407894, 0.00607798342784879
71, 0, 0.026745553050544154, 0.009325773655948411, 0.016549854823347573, 0.00607798342784879
71, 1, 0.011814473756561736, 0.009325773655948411, 0.007457610206149019, 0.00607798342784879
71, 2, 0.011202332972251558, 0.009325773655948411, 0.00714851982400681, 0.00607798342784879
71, 3, 0.012651500909065827, 0.009325773655948411, 0.00787674538244494, 0.00607798342784879
71, 4, 0.01077531673673002, 0.009325773655948411, 0.006873298338412343, 0.00607798342784879
71, 5, 0.011306921616030904, 0.009325773655948411, 0.007145860304065887, 0.00607798342784879
71, 6, 0.01657606202257156, 0.009325773655948411, 0.010225600192359635, 0.00607798342784879
71, 7, 0.01626764560797422, 0.009325773655948411, 0.010037901286353316, 0.00607798342784879
71, 8, 0.013479472299294025, 0.009325773655948411, 0.008372538002279717, 0.00607798342784879
71, 9, 0.02168116919508442, 0.009325773655948411, 0.0152455603201328, 0.00607798342784879
72, 0, 0.024181844464862972, 0.009325773655948411, 0.014938465647801762, 0.00607798342784879
72, 1, 0.021566975631647497, 0.009325773655948411, 0.013289536727778455, 0.00607798342784879
72, 2, 0.01042559231265034, 0.009325773655948411, 0.006940748410010041, 0.00607798342784879
72, 3, 0.010727734603281403, 0.009325773655948411, 0.006823190943750696, 0.00607798342784879
72, 4, 0.019705805848590788, 0.009325773655948411, 0.012153888834843439, 0.00607798342784879
72, 5, 0.010270582591312808, 0.009325773655948411, 0.0066333587226984165, 0.00607798342784879
72, 6, 0.013475233627206906, 0.009325773655948411, 0.008370540212677876, 0.00607798342784879
72, 7, 0.018456070108246524, 0.009325773655948411, 0.01139157574724276, 0.00607798342784879
72, 8, 0.012275982658067376, 0.009325773655948411, 0.007673691179890713, 0.00607798342784879
72, 9, 0.01691055737506743, 0.009325773655948411, 0.011867525331004915, 0.00607798342784879
73, 0, 0.01695033856193159, 0.009325773655948411, 0.010454442911356311, 0.00607798342784879
73, 1, 0.03350727291020804, 0.009325773655948411, 0.02080720450387261, 0.00607798342784879
73, 2, 0.011203818132552999, 0.009325773655948411, 0.007679274419339925, 0.00607798342784879
73, 3, 0.010091636462525718, 0.009325773655948411, 0.006531824272164714, 0.00607798342784879
73, 4, 0.0343041101104914, 0.009325773655948411, 0.021358884168388315, 0.00607798342784879
73, 5, 0.010232292092120052, 0.009325773655948411, 0.006682783286624912, 0.00607798342784879
73, 6, 0.010769616547195781, 0.009325773655948411, 0.006876656020144443, 0.00607798342784879
73, 7, 0.014510809130136188, 0.009325773655948411, 0.008992848141570583, 0.00607798342784879
73, 8, 0.010952513544121465, 0.009325773655948411, 0.006937184855381844, 0.00607798342784879
73, 9, 0.010427501064149037, 0.009325773655948411, 0.0069765090451818805, 0.00607798342784879
74, 0, 0.011010792450237486, 0.009325773655948411, 0.0070033892548247165, 0.00607798342784879
74, 1, 0.02883342210685248, 0.009325773655948411, 0.017848524943105102, 0.00607798342784879
74, 2, 0.012383094373756452, 0.009325773655948411, 0.008566836339078789, 0.00607798342784879
74, 3, 0.010142821104892267, 0.009325773655948411, 0.006579607213503001, 0.00607798342784879
74, 4, 0.03589474137065065, 0.009325773655948411, 0.02237199637758387, 0.00607798342784879
74, 5, 0.010242528037294075, 0.009325773655948411, 0.006737115790707505, 0.00607798342784879
74, 6, 0.010237996024269936, 0.009325773655948411, 0.006716696075993734, 0.00607798342784879
74, 7, 0.010299956820034577, 0.009325773655948411, 0.0066495850080527654, 0.00607798342784879
74, 8, 0.010135813233214892, 0.009325773655948411, 0.006557571558795868, 0.00607798342784879
74, 9, 0.013108242005913762, 0.009325773655948411, 0.00817090222857973, 0.00607798342784879
75, 0, 0.01101214320105559, 0.009325773655948411, 0.007488976462035374, 0.00607798342784879
75, 1, 0.012411247644303205, 0.009325773655948411, 0.007739777975721799, 0.00607798342784879
75, 2, 0.012211887110746295, 0.009325773655948411, 0.0084501646152878, 0.00607798342784879
75, 3, 0.010284530744768015, 0.009325773655948411, 0.006688322367249291, 0.00607798342784879
75, 4, 0.02213755429417126, 0.009325773655948411, 0.01366681339800656, 0.00607798342784879
75, 5, 0.010129438625561642, 0.009325773655948411, 0.006680909215642128, 0.00607798342784879
75, 6, 0.01049748030486429, 0.009325773655948411, 0.007050593190846016, 0.00607798342784879
75, 7, 0.011483168228267213, 0.009325773655948411, 0.007880283823913804, 0.00607798342784879
75, 8, 0.010217184988287801, 0.009325773655948411, 0.006827205445645478, 0.00607798342784879
75, 9, 0.013330220607456497, 0.009325773655948411, 0.008302503187917946, 0.00607798342784879
76, 0, 0.014203311170696386, 0.009325773655948411, 0.009884795213564083, 0.00607798342784879
76, 1, 0.012557749129047925, 0.009325773655948411, 0.00870028528797319, 0.00607798342784879
76, 2, 0.011646146214013334, 0.009325773655948411, 0.008011873400794019, 0.00607798342784879
76, 3, 0.01015873614476168, 0.009325773655948411, 0.006694627971664963, 0.00607798342784879
76, 4, 0.012045684233456451, 0.009325773655948411, 0.007545460583305358, 0.00607798342784879
76, 5, 0.010318081561279537, 0.009325773655948411, 0.0069151529626218814, 0.00607798342784879
76, 6, 0.011163821971336496, 0.009325773655948411, 0.007634793003439874, 0.00607798342784879
76, 7, 0.015004742855702382, 0.009325773655948411, 0.01050262099136822, 0.00607798342784879
76, 8, 0.012106077911011176, 0.009325773655948411, 0.008371737066857983, 0.00607798342784879
76, 9, 0.010547376596665542, 0.009325773655948411, 0.006743858402127136, 0.00607798342784879
77, 0, 0.01567990454083816, 0.009325773655948411, 0.010942158605692365, 0.00607798342784879
77, 1, 0.026782643401929318, 0.009325773655948411, 0.018827659353410537, 0.00607798342784879
77, 2, 0.010783151052188963, 0.009325773655948411, 0.007322866224361083, 0.00607798342784879
77, 3, 0.01051883983167551, 0.009325773655948411, 0.007111769544132892, 0.00607798342784879
77, 4, 0.011340347747149778, 0.009325773655948411, 0.0077656446548791955, 0.00607798342784879
77, 5, 0.01062512120191399, 0.009325773655948411, 0.007185042346063614, 0.00607798342784879
77, 6, 0.012295604769555908, 0.009325773655948411, 0.008501495630775435, 0.00607798342784879
77, 7, 0.014668371268649859, 0.009325773655948411, 0.010248157190045482, 0.00607798342784879
77, 8, 0.016018887257304996, 0.009325773655948411, 0.011246742560926433, 0.00607798342784879
77, 9, 0.01132956701441219, 0.009325773655948411, 0.00776001542480216, 0.00607798342784879
78, 0, 0.013408956333684162, 0.009325773655948411, 0.009284261547929685, 0.00607798342784879
78, 1, 0.035950465258744964, 0.009325773655948411, 0.025166662561084293, 0.00607798342784879
78, 2, 0.010347870791709138, 0.009325773655948411, 0.006895427767053426, 0.00607798342784879
78, 3, 0.01192504604850363, 0.009325773655948411, 0.00821929830443906, 0.00607798342784879
78, 4, 0.019606646367411152, 0.009325773655948411, 0.01378356346041903, 0.00607798342784879
78, 5, 0.011216477299971621, 0.009325773655948411, 0.007654939060534871, 0.00607798342784879
78, 6, 0.01355576419963398, 0.009325773655948411, 0.009443257239775602, 0.00607798342784879
78, 7, 0.01136851072356378, 0.009325773655948411, 0.007791147539197806, 0.00607798342784879
78, 8, 0.01851821889294246, 0.009325773655948411, 0.01301800571841276, 0.00607798342784879
78, 9, 0.017083080638858893, 0.009325773655948411, 0.01199499917308493, 0.00607798342784879
79, 0, 0.011310189930876575, 0.009325773655948411, 0.007644680481796155, 0.00607798342784879
79, 1, 0.03553269406260177, 0.009325773655948411, 0.02489596769033875, 0.00607798342784879
79, 2, 0.010419342301414483, 0.009325773655948411, 0.006828010064494228, 0.00607798342784879
79, 3, 0.012899025660406323, 0.009325773655948411, 0.008960649074210352, 0.00607798342784879
79, 4, 0.024889399300383617, 0.009325773655948411, 0.01748259689576043, 0.00607798342784879
79, 5, 0.011147956144434269, 0.009325773655948411, 0.007588830576236309, 0.00607798342784879
79, 6, 0.012132131721435683, 0.009325773655948411, 0.008354772761531787, 0.00607798342784879
79, 7, 0.010166967541427997, 0.009325773655948411, 0.0066930533690006165, 0.00607798342784879
79, 8, 0.011899599722655068, 0.009325773655948411, 0.008208854910446069, 0.00607798342784879
79, 9, 0.01872115506007455, 0.009325773655948411, 0.01315365079119764, 0.00607798342784879
80, 0, 0.010608479450736355, 0.009325773655948411, 0.006922873218859767, 0.00607798342784879
80, 1, 0.02315634417343579, 0.009325773655948411, 0.01622876431224057, 0.00607798342784879
80, 2, 0.010478579378400495, 0.009325773655948411, 0.006826598057693395, 0.00607798342784879
80, 3, 0.013296269433330307, 0.009325773655948411, 0.009250351017586388, 0.00607798342784879
80, 4, 0.018129335409133262, 0.009325773655948411, 0.01273773978591995, 0.00607798342784879
80, 5, 0.01055822373840522, 0.009325773655948411, 0.007103260643444947, 0.00607798342784879
80, 6, 0.010310807365714185, 0.009325773655948411, 0.006851865151849548, 0.00607798342784879
80, 7, 0.01109115496138685, 0.009325773655948411, 0.007023431809246374, 0.00607798342784879
80, 8, 0.011113182206785832, 0.009325773655948411, 0.00702091903804902, 0.00607798342784879
80, 9, 0.015293267108891435, 0.009325773655948411, 0.010707216986024047, 0.00607798342784879
81, 0, 0.011631406716827407, 0.009325773655948411, 0.007351379049727692, 0.00607798342784879
81, 1, 0.01073033714523362, 0.009325773655948411, 0.007222935278853056, 0.00607798342784879
81, 2, 0.010517899503741674, 0.009325773655948411, 0.006829712842431504, 0.00607798342784879
81, 3, 0.011071907307112392, 0.009325773655948411, 0.007566552367847718, 0.00607798342784879
81, 4, 0.010331540983896761, 0.009325773655948411, 0.006791019456529035, 0.00607798342784879
81, 5, 0.010164224621508748, 0.009325773655948411, 0.006604502484931712, 0.00607798342784879
81, 6, 0.010829460349083645, 0.009325773655948411, 0.006903692267240174, 0.00607798342784879
81, 7, 0.013391456241694485, 0.009325773655948411, 0.008313137774723289, 0.00607798342784879
81, 8, 0.020138751092993838, 0.009325773655948411, 0.01243121273977032, 0.00607798342784879
81, 9, 0.011122354178297293, 0.009325773655948411, 0.007572520064514741, 0.00607798342784879
82, 0, 0.013123627183825409, 0.009325773655948411, 0.008232453655566647, 0.00607798342784879
82, 1, 0.015311576202838571, 0.009325773655948411, 0.009445922948813674, 0.00607798342784879
82, 2, 0.010477929289569862, 0.009325773655948411, 0.00678880474948028, 0.00607798342784879
82, 3, 0.010585150152397586, 0.009325773655948411, 0.006767987515258416, 0.00607798342784879
82, 4, 0.01692038910923839, 0.009325773655948411, 0.010433312905795354, 0.00607798342784879
82, 5, 0.011467802926796384, 0.009325773655948411, 0.007241038616989624, 0.00607798342784879
82, 6, 0.01198885228411381, 0.009325773655948411, 0.007508961539750745, 0.00607798342784879
82, 7, 0.014389748608711266, 0.009325773655948411, 0.008901592193591655, 0.00607798342784879
82, 8, 0.027931340161182015, 0.009325773655948411, 0.01731287161995093, 0.00607798342784879
82, 9, 0.010881891864718978, 0.009325773655948411, 0.006936612034868947, 0.00607798342784879
83, 0, 0.015577010470102019, 0.009325773655948411, 0.009874916239492815, 0.00607798342784879
83, 1, 0.026718046416994646, 0.009325773655948411, 0.016517164699919484, 0.00607798342784879
83, 2, 0.0104642574134745, 0.009325773655948411, 0.006744587603799435, 0.00607798342784879
83, 3, 0.015323354045598255, 0.009325773655948411, 0.009456669604940677, 0.00607798342784879
83, 4, 0.029351462964406563, 0.009325773655948411, 0.018198198541273514, 0.00607798342784879
83, 5, 0.012790784046109591, 0.009325773655948411, 0.008005420801187785, 0.00607798342784879
83, 6, 0.013154545948603508, 0.009325773655948411, 0.0081803672042492, 0.00607798342784879
83, 7, 0.013045353440334475, 0.009325773655948411, 0.008110172214865971, 0.00607798342784879
83, 8, 0.030465997379105485, 0.009325773655948411, 0.018925394558387876, 0.00607798342784879
83, 9, 0.01507875146281072, 0.009325773655948411, 0.009335895394887257, 0.00607798342784879
84, 0, 0.014030964716522926, 0.009325773655948411, 0.008734713645299142, 0.00607798342784879
84, 1, 0.02936539923043266, 0.009325773655948411, 0.01819351560977229, 0.00607798342784879
84, 2, 0.010352832643812142, 0.009325773655948411, 0.006681494046567346, 0.00607798342784879
84, 3, 0.019345583799168214, 0.009325773655948411, 0.011922319154474509, 0.00607798342784879
84, 4, 0.03995314730854535, 0.009325773655948411, 0.02496927964293658, 0.00607798342784879
84, 5, 0.014189751459031653, 0.009325773655948411, 0.00882530541980587, 0.00607798342784879
84, 6, 0.013793278129683083, 0.009325773655948411, 0.008571818124061275, 0.00607798342784879
84, 7, 0.011696395580561755, 0.009325773655948411, 0.00734848020794452, 0.00607798342784879
84, 8, 0.01687074456172789, 0.009325773655948411, 0.010422740716876162, 0.00607798342784879
84, 9, 0.015353613245766723, 0.009325773655948411, 0.009502980513104624, 0.00607798342784879
85, 0, 0.013586480805659896, 0.009325773655948411, 0.008428666507925715, 0.00607798342784879
85, 1, 0.018253089333283568, 0.009325773655948411, 0.011256705973461621, 0.00607798342784879
85, 2, 0.010173170638622593, 0.009325773655948411, 0.006670415653829241, 0.00607798342784879
85, 3, 0.017527057459995787, 0.009325773655948411, 0.01081026599863334, 0.00607798342784879
85, 4, 0.02829153482920064, 0.009325773655948411, 0.017527641380444426, 0.00607798342784879
85, 5, 0.014704057116160017, 0.009325773655948411, 0.00912656817913982, 0.00607798342784879
85, 6, 0.012394626278923376, 0.009325773655948411, 0.007770565144455591, 0.00607798342784879
85, 7, 0.010552534787581348, 0.009325773655948411, 0.006760023029557208, 0.00607798342784879
85, 8, 0.010045581357975465, 0.009325773655948411, 0.006637545259685879, 0.00607798342784879
85, 9, 0.011758483118370255, 0.009325773655948411, 0.007382814779797766, 0.00607798342784879
86, 0, 0.01177407889129606, 0.009325773655948411, 0.007407020665243419, 0.00607798342784879
86, 1, 0.010104815937862907, 0.009325773655948411, 0.006632759584623085, 0.00607798342784879
86, 2, 0.010249600512084968, 0.009325773655948411, 0.006783196196362605, 0.00607798342784879
86, 3, 0.012314863212600129, 0.009325773655948411, 0.0076979571405421734, 0.00607798342784879
86, 4, 0.013419250901711916, 0.009325773655948411, 0.008337465791469809, 0.00607798342784879
86, 5, 0.011611403695172643, 0.009325773655948411, 0.00731428737216035, 0.00607798342784879
86, 6, 0.010299450810037594, 0.009325773655948411, 0.006687671261710648, 0.00607798342784879
86, 7, 0.010067375558149544, 0.009325773655948411, 0.006633494228646379, 0.00607798342784879
86, 8, 0.01604986546384391, 0.009325773655948411, 0.011285305392552325, 0.00607798342784879
86, 9, 0.010596399988448753, 0.009325773655948411, 0.007165455802283488, 0.00607798342784879
87, 0, 0.010532192126327736, 0.009325773655948411, 0.0068714235665903525, 0.00607798342784879
87, 1, 0.01646251451288235, 0.009325773655948411, 0.011554943714340777, 0.00607798342784879
87, 2, 0.01032201916598591, 0.009325773655948411, 0.006878753841732117, 0.00607798342784879
87, 3, 0.01033968014361318, 0.009325773655948411, 0.006927165511567003, 0.00607798342784879
87, 4, 0.012657858489610091, 0.009325773655948411, 0.008780470765965815, 0.00607798342784879
87, 5, 0.010188725860325385, 0.009325773655948411, 0.0067636758762540765, 0.00607798342784879
87, 6, 0.01124672081507197, 0.009325773655948411, 0.007703553378576634, 0.00607798342784879
87, 7, 0.010500778102539762, 0.009325773655948411, 0.007092165315058143, 0.00607798342784879
87, 8, 0.02419469991980245, 0.009325773655948411, 0.017031482360353414, 0.00607798342784879
87, 9, 0.01633544554259141, 0.009325773655948411, 0.01145789277567632, 0.00607798342784879
88, 0, 0.011264275284231177, 0.009325773655948411, 0.00764994674592926, 0.00607798342784879
88, 1, 0.02136719408841949, 0.009325773655948411, 0.015031223627171212, 0.00607798342784879
88, 2, 0.010231849524395677, 0.009325773655948411, 0.006835753241839329, 0.00607798342784879
88, 3, 0.014060263983396408, 0.009325773655948411, 0.009821222160701784, 0.00607798342784879
88, 4, 0.024120527072176396, 0.009325773655948411, 0.016969851916086298, 0.00607798342784879
88, 5, 0.012442315007217434, 0.009325773655948411, 0.00862026085127189, 0.00607798342784879
88, 6, 0.01388057265869625, 0.009325773655948411, 0.009684021168590459, 0.00607798342784879
88, 7, 0.011300666299478812, 0.009325773655948411, 0.007730107978054782, 0.00607798342784879
88, 8, 0.022737919657600747, 0.009325773655948411, 0.016006204938799597, 0.00607798342784879
88, 9, 0.02192909693447891, 0.009325773655948411, 0.015420046874132126, 0.00607798342784879
89, 0, 0.01310649471242005, 0.009325773655948411, 0.00906957775305625, 0.00607798342784879
89, 1, 0.015354997324434596, 0.009325773655948411, 0.010760294491007785, 0.00607798342784879
89, 2, 0.010364081429097062, 0.009325773655948411, 0.006963210083680608, 0.00607798342784879
89, 3, 0.019868748886404237, 0.009325773655948411, 0.01397629714882133, 0.00607798342784879
89, 4, 0.029940087868662292, 0.009325773655948411, 0.021017803297564686, 0.00607798342784879
89, 5, 0.015178918742967513, 0.009325773655948411, 0.010630334299046, 0.00607798342784879
89, 6, 0.014982692084486443, 0.009325773655948411, 0.010488467402878968, 0.00607798342784879
89, 7, 0.0118165482814304, 0.009325773655948411, 0.008132262290935026, 0.00607798342784879
89, 8, 0.014627632719694883, 0.009325773655948411, 0.01023280465502702, 0.00607798342784879
89, 9, 0.022295503390257074, 0.009325773655948411, 0.015686306603227822, 0.00607798342784879
90, 0, 0.014736041791978115, 0.009325773655948411, 0.010296905716687416, 0.00607798342784879
90, 1, 0.010299520354859449, 0.009325773655948411, 0.006801578083696309, 0.00607798342784879
90, 2, 0.010733412637045293, 0.009325773655948411, 0.007284249291267572, 0.00607798342784879
90, 3, 0.02068731993010261, 0.009325773655948411, 0.014554772342058582, 0.00607798342784879
90, 4, 0.02439830526107934, 0.009325773655948411, 0.01716240137984621, 0.00607798342784879
90, 5, 0.014912820015845613, 0.009325773655948411, 0.010434788269620706, 0.00607798342784879
90, 6, 0.01337835831931185, 0.009325773655948411, 0.00930811354878239, 0.00607798342784879
90, 7, 0.01220032767004946, 0.009325773655948411, 0.00842593358456974, 0.00607798342784879
90, 8, 0.01013399865825191, 0.009325773655948411, 0.006728344285981334, 0.00607798342784879
90, 9, 0.015922440482245066, 0.009325773655948411, 0.011157637256201563, 0.00607798342784879
91, 0, 0.01263339139350734, 0.009325773655948411, 0.008733869814320906, 0.00607798342784879
91, 1, 0.013089961099503172, 0.009325773655948411, 0.008144616016709537, 0.00607798342784879
91, 2, 0.011099359535487676, 0.009325773655948411, 0.007558444141108122, 0.00607798342784879
91, 3, 0.01235273842759974, 0.009325773655948411, 0.008549581411498893, 0.00607798342784879
91, 4, 0.015470953011748933, 0.009325773655948411, 0.010829585524600943, 0.00607798342784879
91, 5, 0.013074456642628792, 0.009325773655948411, 0.009085240156917548, 0.00607798342784879
91, 6, 0.010820138290626922, 0.009325773655948411, 0.007319258033910745, 0.00607798342784879
91, 7, 0.012412361771723949, 0.009325773655948411, 0.008584181729355626, 0.00607798342784879
91, 8, 0.012273396591599086, 0.009325773655948411, 0.007670629876999084, 0.00607798342784879
91, 9, 0.010633319854849397, 0.009325773655948411, 0.007171730841557835, 0.00607798342784879
92, 0, 0.010780102251152876, 0.009325773655948411, 0.007279104586414721, 0.00607798342784879
92, 1, 0.020495198613857186, 0.009325773655948411, 0.012636261054873662, 0.00607798342784879
92, 2, 0.010803957368545737, 0.009325773655948411, 0.007325102870102869, 0.00607798342784879
92, 3, 0.010475108368384167, 0.009325773655948411, 0.006717456183010087, 0.00607798342784879
92, 4, 0.010475108368384167, 0.009325773655948411, 0.006717456183010087, 0.00607798342784879
92, 5, 0.011043239759238033, 0.009325773655948411, 0.007528398785202922, 0.00607798342784879
92, 6, 0.010357280297566036, 0.009325773655948411, 0.0067315787356022104, 0.00607798342784879
92, 7, 0.011075692578977557, 0.009325773655948411, 0.007551452054468433, 0.00607798342784879
92, 8, 0.015363403424540964, 0.009325773655948411, 0.009494455745124449, 0.00607798342784879
92, 9, 0.011140550198646317, 0.009325773655948411, 0.0070655748734933755, 0.00607798342784879
93, 0, 0.01041476450248906, 0.009325773655948411, 0.006709631986074049, 0.00607798342784879
93, 1, 0.022384333664192197, 0.009325773655948411, 0.013813508064187704, 0.00607798342784879
93, 2, 0.010595922819229161, 0.009325773655948411, 0.007133518249510282, 0.00607798342784879
93, 3, 0.014998244577092265, 0.009325773655948411, 0.0092647809848564, 0.00607798342784879
93, 4, 0.01223176501197292, 0.009325773655948411, 0.007641441009994829, 0.00607798342784879
93, 5, 0.010077451238463623, 0.009325773655948411, 0.006595945571352849, 0.00607798342784879
93, 6, 0.010806437072280762, 0.009325773655948411, 0.00690974672897349, 0.00607798342784879
93, 7, 0.01024504838486483, 0.009325773655948411, 0.006770462710265691, 0.00607798342784879
93, 8, 0.01319311050352907, 0.009325773655948411, 0.008195362459920426, 0.00607798342784879
93, 9, 0.012877381048963202, 0.009325773655948411, 0.008018658837247155, 0.00607798342784879
94, 0, 0.012028092432969538, 0.009325773655948411, 0.0075296791990078216, 0.00607798342784879
94, 1, 0.01592509870404402, 0.009325773655948411, 0.009834012212656578, 0.00607798342784879
94, 2, 0.010471617152653285, 0.009325773655948411, 0.007000630492076662, 0.00607798342784879
94, 3, 0.02202646621942942, 0.009325773655948411, 0.013583620047973291, 0.00607798342784879
94, 4, 0.014519633169046448, 0.009325773655948411, 0.008969839905924598, 0.00607798342784879
94, 5, 0.011052826239389435, 0.009325773655948411, 0.007005782740372612, 0.00607798342784879
94, 6, 0.010677268820629492, 0.009325773655948411, 0.006826588846329358, 0.00607798342784879
94, 7, 0.0106635000531852, 0.009325773655948411, 0.0068062237512071235, 0.00607798342784879
94, 8, 0.01080870346286334, 0.009325773655948411, 0.0068866899466870435, 0.00607798342784879
94, 9, 0.011583165980229841, 0.009325773655948411, 0.007297856010406074, 0.00607798342784879
95, 0, 0.013236911680662064, 0.009325773655948411, 0.008227941179059606, 0.00607798342784879
95, 1, 0.011130917296101373, 0.009325773655948411, 0.00703801622191838, 0.00607798342784879
95, 2, 0.010203978340430093, 0.009325773655948411, 0.006659802266109484, 0.00607798342784879
95, 3, 0.01870140083547414, 0.009325773655948411, 0.011530005740242067, 0.00607798342784879
95, 4, 0.013161652549966242, 0.009325773655948411, 0.008164590474419222, 0.00607798342784879
95, 5, 0.012344804091323356, 0.009325773655948411, 0.0077184543209706325, 0.00607798342784879
95, 6, 0.01066520822714021, 0.009325773655948411, 0.0068306852876984766, 0.00607798342784879
95, 7, 0.012201682615870317, 0.009325773655948411, 0.007637566928046993, 0.00607798342784879
95, 8, 0.010107661223496066, 0.009325773655948411, 0.006718727489860428, 0.00607798342784879
95, 9, 0.010212612598494479, 0.009325773655948411, 0.006649320845282955, 0.00607798342784879
96, 0, 0.012473780005921965, 0.009325773655948411, 0.0077902512936057836, 0.00607798342784879
96, 1, 0.01019536084161091, 0.009325773655948411, 0.006807960323425947, 0.00607798342784879
96, 2, 0.01059944237931981, 0.009325773655948411, 0.006770377649009267, 0.00607798342784879
96, 3, 0.011418988889257407, 0.009325773655948411, 0.007190948466501608, 0.00607798342784879
96, 4, 0.011827714924306865, 0.009325773655948411, 0.00742073117803932, 0.00607798342784879
96, 5, 0.013658376775212065, 0.009325773655948411, 0.008483041242035135, 0.00607798342784879
96, 6, 0.010581619729999955, 0.009325773655948411, 0.006777991791005054, 0.00607798342784879
96, 7, 0.014124146796041712, 0.009325773655948411, 0.00875370116490299, 0.00607798342784879
96, 8, 0.010846436644851583, 0.009325773655948411, 0.0073988663961120455, 0.00607798342784879
96, 9, 0.010354657977876486, 0.009325773655948411, 0.006962385592181041, 0.00607798342784879
97, 0, 0.011659578321777464, 0.009325773655948411, 0.007324685890660883, 0.00607798342784879
97, 1, 0.010866625494113333, 0.009325773655948411, 0.007388635346954733, 0.00607798342784879
97, 2, 0.011535078951368134, 0.009325773655948411, 0.0072598043835993865, 0.00607798342784879
97, 3, 0.010338832268395036, 0.009325773655948411, 0.0069363658755788775, 0.00607798342784879
97, 4, 0.010536102551636692, 0.009325773655948411, 0.006761790113099964, 0.00607798342784879
97, 5, 0.013473581128575706, 0.009325773655948411, 0.008374105024469017, 0.00607798342784879
97, 6, 0.010416637611918897, 0.009325773655948411, 0.006722352981306465, 0.00607798342784879
97, 7, 0.01573773076575286, 0.009325773655948411, 0.009720797672033972, 0.00607798342784879
97, 8, 0.010527213349148117, 0.009325773655948411, 0.007128760139082453, 0.00607798342784879
97, 9, 0.01122799152410007, 0.009325773655948411, 0.007680523584536137, 0.00607798342784879
98, 0, 0.01143203084666721, 0.009325773655948411, 0.007211980208605835, 0.00607798342784879
98, 1, 0.01107357530560744, 0.009325773655948411, 0.007565916176352526, 0.00607798342784879
98, 2, 0.011871887734734686, 0.009325773655948411, 0.007454155463419825, 0.00607798342784879
98, 3, 0.013522780758130874, 0.009325773655948411, 0.00942214543133431, 0.00607798342784879
98, 4, 0.010275689863040897, 0.009325773655948411, 0.00668888973360061, 0.00607798342784879
98, 5, 0.013225381839654849, 0.009325773655948411, 0.008231132346426874, 0.00607798342784879
98, 6, 0.010598470986330951, 0.009325773655948411, 0.006783458936430307, 0.00607798342784879
98, 7, 0.01442235893534824, 0.009325773655948411, 0.008935715411758626, 0.00607798342784879
98, 8, 0.010081655002380455, 0.009325773655948411, 0.006669347619962897, 0.00607798342784879
98, 9, 0.011194091900960462, 0.009325773655948411, 0.0076637185691801136, 0.00607798342784879
99, 0, 0.011341181963309712, 0.009325773655948411, 0.007166856327847293, 0.00607798342784879
99, 1, 0.010113389881613422, 0.009325773655948411, 0.006609149532834113, 0.00607798342784879
99, 2, 0.011567811863867274, 0.009325773655948411, 0.007272991252982305, 0.00607798342784879
99, 3, 0.011975845457881225, 0.009325773655948411, 0.008257343433713616, 0.00607798342784879
99, 4, 0.010432296986024674, 0.009325773655948411, 0.006734492385082881, 0.00607798342784879
99, 5, 0.011300387902225924, 0.009325773655948411, 0.007134592152197287, 0.00607798342784879
99, 6, 0.01097060933641035, 0.009325773655948411, 0.006987055211915939, 0.00607798342784879
99, 7, 0.012434996812752916, 0.009325773655948411, 0.0077688633822885845, 0.00607798342784879
99, 8, 0.010738381570592764, 0.009325773655948411, 0.006864589144834524, 0.00607798342784879
99, 9, 0.010263432686929305, 0.009325773655948411, 0.00687536201364981, 0.00607798342784879
