-1, -1, inf, inf, inf, inf
0, 0, 0.08770847974321744, 0.08770847974321744, 0.05722255669876646, 0.05722255669876646
0, 1, 0.14789698598389367, 0.14789698598389367, 0.09748908073745838, 0.09748908073745838
0, 2, 0.023124476248709603, 0.023124476248709603, 0.016000883900019042, 0.016000883900019042
0, 3, 0.011276924718717529, 0.011276924718717529, 0.007440243486730555, 0.007440243486730555
0, 4, 0.01549015624335154, 0.011276924718717529, 0.010649804783496357, 0.007440243486730555
0, 5, 0.29452793702840047, 0.011276924718717529, 0.1939076308188418, 0.007440243486730555
0, 6, 0.39193846412899214, 0.011276924718717529, 0.25856519566082736, 0.007440243486730555
0, 7, 0.016485350677259463, 0.011276924718717529, 0.010580048857992179, 0.007440243486730555
0, 8, 0.4416148666261697, 0.011276924718717529, 0.29111182814143965, 0.007440243486730555
0, 9, 0.018939830736971648, 0.011276924718717529, 0.012197742218396103, 0.007440243486730555
1, 0, 0.04829209042163626, 0.011276924718717529, 0.03158088806071929, 0.007440243486730555
1, 1, 0.05643328193185969, 0.011276924718717529, 0.036616765700471475, 0.007440243486730555
1, 2, 0.02084384779307755, 0.011276924718717529, 0.014479229685841442, 0.007440243486730555
1, 3, 0.011278704840875143, 0.011276924718717529, 0.007441609590073132, 0.007440243486730555
1, 4, 0.014669417981634961, 0.011276924718717529, 0.010049865750948826, 0.007440243486730555
1, 5, 0.1543128014900595, 0.011276924718717529, 0.10101896275817203, 0.007440243486730555
1, 6, 0.141534456325133, 0.011276924718717529, 0.09252013814856853, 0.007440243486730555
1, 7, 0.013600944317731093, 0.011276924718717529, 0.008829871496855947, 0.007440243486730555
1, 8, 0.427908485552587, 0.011276924718717529, 0.2821252918396518, 0.007440243486730555
1, 9, 0.011916403548678733, 0.011276924718717529, 0.007700195668688565, 0.007440243486730555
2, 0, 0.014262314327811202, 0.011276924718717529, 0.009593186500381526, 0.007440243486730555
2, 1, 0.014365544368360985, 0.011276924718717529, 0.009569460252236024, 0.007440243486730555
2, 2, 0.019132955388750837, 0.011276924718717529, 0.01334018465006359, 0.007440243486730555
2, 3, 0.011190852795559005, 0.011190852795559005, 0.007382397039737983, 0.007382397039737983
2, 4, 0.0136472449463259, 0.011190852795559005, 0.009287344637635616, 0.007382397039737983
2, 5, 0.02022081233936225, 0.011190852795559005, 0.01298155382418211, 0.007382397039737983
2, 6, 0.013660369352187477, 0.011190852795559005, 0.009090084589201563, 0.007382397039737983
2, 7, 0.012848388644521916, 0.011190852795559005, 0.008414418381374527, 0.007382397039737983
2, 8, 0.4045325324862775, 0.011190852795559005, 0.2667789300786417, 0.007382397039737983
2, 9, 0.011197171865021515, 0.011190852795559005, 0.007406451721729298, 0.007382397039737983
3, 0, 0.012045430688572238, 0.011190852795559005, 0.008077445947233424, 0.007382397039737983
3, 1, 0.011670083665873732, 0.011190852795559005, 0.0077451934222377075, 0.007382397039737983
3, 2, 0.014728317803834696, 0.011190852795559005, 0.010173787823999313, 0.007382397039737983
3, 3, 0.00946886098244613, 0.00946886098244613, 0.006204302045280614, 0.006204302045280614
3, 4, 0.012739460803311953, 0.00946886098244613, 0.008575865961077407, 0.006204302045280614
3, 5, 0.011657288501693652, 0.00946886098244613, 0.007847953367608414, 0.006204302045280614
3, 6, 0.012769210412720498, 0.00946886098244613, 0.008489389651941367, 0.006204302045280614
3, 7, 0.011661242996649007, 0.00946886098244613, 0.007736512240602692, 0.006204302045280614
3, 8, 0.1053661551430234, 0.00946886098244613, 0.06861421242490844, 0.006204302045280614
3, 9, 0.010995210584442139, 0.00946886098244613, 0.00727425114629213, 0.006204302045280614
4, 0, 0.011456565467341162, 0.00946886098244613, 0.007521555176599502, 0.006204302045280614
4, 1, 0.011509247670797102, 0.00946886098244613, 0.0075029804308562875, 0.006204302045280614
4, 2, 0.011649330086778549, 0.00946886098244613, 0.007775347341721871, 0.006204302045280614
4, 3, 0.011188467111071857, 0.00946886098244613, 0.007380731851915297, 0.006204302045280614
4, 4, 0.013792817968668457, 0.00946886098244613, 0.009268350952165197, 0.006204302045280614
4, 5, 0.011240030376939297, 0.00946886098244613, 0.00748346916557641, 0.006204302045280614
4, 6, 0.011701573744499434, 0.00946886098244613, 0.00772313434436226, 0.006204302045280614
4, 7, 0.012009180149212482, 0.00946886098244613, 0.007964439527419263, 0.006204302045280614
4, 8, 0.010841044843586566, 0.00946886098244613, 0.00712747486923291, 0.006204302045280614
4, 9, 0.011459251382498621, 0.00946886098244613, 0.007578842033797903, 0.006204302045280614
5, 0, 0.01117702431827884, 0.00946886098244613, 0.007184600316103893, 0.006204302045280614
5, 1, 0.011569214792020648, 0.00946886098244613, 0.007439642560845093, 0.006204302045280614
5, 2, 0.01155850039993563, 0.00946886098244613, 0.007371913794617946, 0.006204302045280614
5, 3, 0.011366470533286786, 0.00946886098244613, 0.007500649807644832, 0.006204302045280614
5, 4, 0.08389244407680639, 0.00946886098244613, 0.054522888346283827, 0.006204302045280614
5, 5, 0.010777708787695097, 0.00946886098244613, 0.007077104135777649, 0.006204302045280614
5, 6, 0.022514892914648643, 0.00946886098244613, 0.014599354901961228, 0.006204302045280614
5, 7, 0.012332001567413101, 0.00946886098244613, 0.008175401373391516, 0.006204302045280614
5, 8, 0.010693835089747049, 0.00946886098244613, 0.007034688795098142, 0.006204302045280614
5, 9, 0.011385323725750697, 0.00946886098244613, 0.007520047077505985, 0.006204302045280614
6, 0, 0.011239658076308763, 0.00946886098244613, 0.007098122009327087, 0.006204302045280614
6, 1, 0.011469350078713279, 0.00946886098244613, 0.007321583220101662, 0.006204302045280614
6, 2, 0.01356154558787304, 0.00946886098244613, 0.008429507956316147, 0.006204302045280614
6, 3, 0.011267178851832664, 0.00946886098244613, 0.007433566796958037, 0.006204302045280614
6, 4, 0.13884887135261542, 0.00946886098244613, 0.09075393775053663, 0.006204302045280614
6, 5, 0.010793406951395499, 0.00946886098244613, 0.00698342387128813, 0.006204302045280614
6, 6, 0.33074410944540666, 0.00946886098244613, 0.21831809637447086, 0.006204302045280614
6, 7, 0.011865854543324476, 0.00946886098244613, 0.007856916264675157, 0.006204302045280614
6, 8, 0.02616919617114211, 0.00946886098244613, 0.017293121943236244, 0.006204302045280614
6, 9, 0.01143183393908074, 0.00946886098244613, 0.007545024323264017, 0.006204302045280614
7, 0, 0.012308954394195088, 0.00946886098244613, 0.007754172286494897, 0.006204302045280614
7, 1, 0.011355190592036497, 0.00946886098244613, 0.007254964732149656, 0.006204302045280614
7, 2, 0.014474464158370311, 0.00946886098244613, 0.008939208384555839, 0.006204302045280614
7, 3, 0.011358647762883431, 0.00946886098244613, 0.0074951090595269864, 0.006204302045280614
7, 4, 0.1800114707533007, 0.00946886098244613, 0.11811960423587893, 0.006204302045280614
7, 5, 0.010838545008302313, 0.00946886098244613, 0.0069911457010079755, 0.006204302045280614
7, 6, 0.14927758990400278, 0.00946886098244613, 0.09762651173043518, 0.006204302045280614
7, 7, 0.0114727511838987, 0.00946886098244613, 0.007593884858064129, 0.006204302045280614
7, 8, 0.0262458617920679, 0.00946886098244613, 0.017386173292776873, 0.006204302045280614
7, 9, 0.010928693403033138, 0.00946886098244613, 0.007216571179782454, 0.006204302045280614
8, 0, 0.011167845056005387, 0.00946886098244613, 0.007086645689365446, 0.006204302045280614
8, 1, 0.011218855703720587, 0.00946886098244613, 0.007193127767509133, 0.006204302045280614
8, 2, 0.013228196180895324, 0.00946886098244613, 0.008230721066518459, 0.006204302045280614
8, 3, 0.011278937972969081, 0.00946886098244613, 0.007441728241345545, 0.006204302045280614
8, 4, 0.10404741644732884, 0.00946886098244613, 0.06775667043418736, 0.006204302045280614
8, 5, 0.01103071661012729, 0.00946886098244613, 0.00714324715777543, 0.006204302045280614
8, 6, 0.011369899140278384, 0.00946886098244613, 0.0074985206518618135, 0.006204302045280614
8, 7, 0.011208247067388821, 0.00946886098244613, 0.007415273316311861, 0.006204302045280614
8, 8, 0.017245296513663157, 0.00946886098244613, 0.011389085535626974, 0.006204302045280614
8, 9, 0.011370936122624554, 0.00946886098244613, 0.0075245551108105895, 0.006204302045280614
9, 0, 0.011062170142987791, 0.00946886098244613, 0.007158698594441321, 0.006204302045280614
9, 1, 0.011004232750697613, 0.00946886098244613, 0.007092753627249596, 0.006204302045280614
9, 2, 0.011413681317068824, 0.00946886098244613, 0.007289100528544419, 0.006204302045280614
9, 3, 0.011278905684393525, 0.00946886098244613, 0.007441691492679563, 0.006204302045280614
9, 4, 0.01166167748580269, 0.00946886098244613, 0.007679139934910558, 0.006204302045280614
9, 5, 0.01083145783158941, 0.00946886098244613, 0.007084552826804552, 0.006204302045280614
9, 6, 0.011332452709299562, 0.00946886098244613, 0.007493892117118137, 0.006204302045280614
9, 7, 0.010981331171843023, 0.00946886098244613, 0.007256979854485515, 0.006204302045280614
9, 8, 0.011014544727863274, 0.00946886098244613, 0.007298884060791396, 0.006204302045280614
9, 9, 0.011345732157641803, 0.00946886098244613, 0.007517312224034582, 0.006204302045280614
10, 0, 0.011415355305573577, 0.00946886098244613, 0.007538982621598905, 0.006204302045280614
10, 1, 0.011142233754785642, 0.00946886098244613, 0.007258832771998232, 0.006204302045280614
10, 2, 0.011188416647640882, 0.00946886098244613, 0.007435487702707439, 0.006204302045280614
10, 3, 0.01118710507324191, 0.00946886098244613, 0.007379771380644811, 0.006204302045280614
10, 4, 0.011800869750890137, 0.00946886098244613, 0.007815694246561197, 0.006204302045280614
10, 5, 0.011092273046182599, 0.00946886098244613, 0.007354085944277792, 0.006204302045280614
10, 6, 0.011600399825187343, 0.00946886098244613, 0.007693286868964973, 0.006204302045280614
10, 7, 0.011037800424351662, 0.00946886098244613, 0.007294638345202574, 0.006204302045280614
10, 8, 0.01098978202491797, 0.00946886098244613, 0.007255141942565842, 0.006204302045280614
10, 9, 0.011276337480896867, 0.00946886098244613, 0.0074698092980670676, 0.006204302045280614
11, 0, 0.01126906210012704, 0.00946886098244613, 0.007483716462278696, 0.006204302045280614
11, 1, 0.013284575325935964, 0.00946886098244613, 0.008812338537805902, 0.006204302045280614
11, 2, 0.012857276559196234, 0.00946886098244613, 0.008791783957246543, 0.006204302045280614
11, 3, 0.011187679055500705, 0.00946886098244613, 0.0073802364970075056, 0.006204302045280614
11, 4, 0.011721106813658604, 0.00946886098244613, 0.007763144982725304, 0.006204302045280614
11, 5, 0.011233678276013834, 0.00946886098244613, 0.0074827432767899495, 0.006204302045280614
11, 6, 0.011866237223808532, 0.00946886098244613, 0.00787811784220142, 0.006204302045280614
11, 7, 0.010977162380660953, 0.00946886098244613, 0.007246893414718803, 0.006204302045280614
11, 8, 0.01125431018031186, 0.00946886098244613, 0.007425239707162647, 0.006204302045280614
11, 9, 0.01129553348751986, 0.00946886098244613, 0.0074591910272482215, 0.006204302045280614
12, 0, 0.011387113806072107, 0.00946886098244613, 0.007527577740794531, 0.006204302045280614
12, 1, 0.013106744735737688, 0.00946886098244613, 0.008531474203508907, 0.006204302045280614
12, 2, 0.01511220715349953, 0.00946886098244613, 0.010427700746020589, 0.006204302045280614
12, 3, 0.011268680800279337, 0.00946886098244613, 0.0074345509081100965, 0.006204302045280614
12, 4, 0.011656137021879884, 0.00946886098244613, 0.007715328249589072, 0.006204302045280614
12, 5, 0.01158228976316316, 0.00946886098244613, 0.007753128021058614, 0.006204302045280614
12, 6, 0.011579762974120642, 0.00946886098244613, 0.007683631391642475, 0.006204302045280614
12, 7, 0.010863443937448047, 0.00946886098244613, 0.007165126586510407, 0.006204302045280614
12, 8, 0.013871125515930826, 0.00946886098244613, 0.00900141586393693, 0.006204302045280614
12, 9, 0.011312153691081015, 0.00946886098244613, 0.0074501100490202915, 0.006204302045280614
13, 0, 0.011921546553181887, 0.00946886098244613, 0.007837875499297422, 0.006204302045280614
13, 1, 0.011830344144244907, 0.00946886098244613, 0.007875748947366484, 0.006204302045280614
13, 2, 0.01383249916698035, 0.00946886098244613, 0.009529928314756271, 0.006204302045280614
13, 3, 0.011188804119547827, 0.00946886098244613, 0.0073809989971680215, 0.006204302045280614
13, 4, 0.01120832264638346, 0.00946886098244613, 0.007399633901710005, 0.006204302045280614
13, 5, 0.011626314328873314, 0.00946886098244613, 0.007782959733417933, 0.006204302045280614
13, 6, 0.011777983683090099, 0.00946886098244613, 0.007819246151108416, 0.006204302045280614
13, 7, 0.011032470511021969, 0.00946886098244613, 0.007271901458442868, 0.006204302045280614
13, 8, 0.011912049206609121, 0.00946886098244613, 0.00783666267496041, 0.006204302045280614
13, 9, 0.011445060473883491, 0.00946886098244613, 0.007529725488800391, 0.006204302045280614
14, 0, 0.014646287618893498, 0.00946886098244613, 0.009482029876277704, 0.006204302045280614
14, 1, 0.011075747806492545, 0.00946886098244613, 0.007245992442117172, 0.006204302045280614
14, 2, 0.012212482585790907, 0.00946886098244613, 0.00829225735946718, 0.006204302045280614
14, 3, 0.01114184389634939, 0.00946886098244613, 0.007350587706103383, 0.006204302045280614
14, 4, 0.011257486564212129, 0.00946886098244613, 0.00741947006598402, 0.006204302045280614
14, 5, 0.010960442908663194, 0.00946886098244613, 0.00722041689727184, 0.006204302045280614
14, 6, 0.011524946406280864, 0.00946886098244613, 0.0076344046149226874, 0.006204302045280614
14, 7, 0.011129432882502106, 0.00946886098244613, 0.007337303556482996, 0.006204302045280614
14, 8, 0.011088215442288413, 0.00946886098244613, 0.007229182735353124, 0.006204302045280614
14, 9, 0.011328119868290113, 0.00946886098244613, 0.007445218678324982, 0.006204302045280614
15, 0, 0.013336295841717824, 0.00946886098244613, 0.008688406563211473, 0.006204302045280614
15, 1, 0.011188769930015168, 0.00946886098244613, 0.007206189959247358, 0.006204302045280614
15, 2, 0.01129966159826623, 0.00946886098244613, 0.00739969863471539, 0.006204302045280614
15, 3, 0.01136244147850617, 0.00946886098244613, 0.007497843349725943, 0.006204302045280614
15, 4, 0.011333748187296076, 0.00946886098244613, 0.007487670072469036, 0.006204302045280614
15, 5, 0.010772720583459091, 0.00946886098244613, 0.007029265043058922, 0.006204302045280614
15, 6, 0.011106316815029098, 0.00946886098244613, 0.0073247815476585355, 0.006204302045280614
15, 7, 0.011228721787063035, 0.00946886098244613, 0.0074042947781170826, 0.006204302045280614
15, 8, 0.010907147909267185, 0.00946886098244613, 0.007142605043421686, 0.006204302045280614
15, 9, 0.011403900732383473, 0.00946886098244613, 0.007497932756466409, 0.006204302045280614
16, 0, 0.034618923016347246, 0.00946886098244613, 0.022553524598169675, 0.006204302045280614
16, 1, 0.011411398596726487, 0.00946886098244613, 0.00728462388790213, 0.006204302045280614
16, 2, 0.011620159024819785, 0.00946886098244613, 0.007408388830506322, 0.006204302045280614
16, 3, 0.011190954537448712, 0.00946886098244613, 0.007382500412525664, 0.006204302045280614
16, 4, 0.011114595616620279, 0.00946886098244613, 0.0073319978952719154, 0.006204302045280614
16, 5, 0.011029580240775523, 0.00946886098244613, 0.007166391414342756, 0.006204302045280614
16, 6, 0.010945336840684229, 0.00946886098244613, 0.007188609367935978, 0.006204302045280614
16, 7, 0.01122981633878123, 0.00946886098244613, 0.007404084554410987, 0.006204302045280614
16, 8, 0.027354854502722306, 0.00946886098244613, 0.018093591374051882, 0.006204302045280614
16, 9, 0.011454368794738021, 0.00946886098244613, 0.007548186600334984, 0.006204302045280614
17, 0, 0.015272915263979437, 0.00946886098244613, 0.0100865503026267, 0.006204302045280614
17, 1, 0.011429162572803747, 0.00946886098244613, 0.007295237966989824, 0.006204302045280614
17, 2, 0.01163605968854559, 0.00946886098244613, 0.0073839518559280165, 0.006204302045280614
17, 3, 0.011278825780315046, 0.00946886098244613, 0.0074416330700516784, 0.006204302045280614
17, 4, 0.011115174542288352, 0.00946886098244613, 0.007327741649855279, 0.006204302045280614
17, 5, 0.011150228533009598, 0.00946886098244613, 0.007216420039312292, 0.006204302045280614
17, 6, 0.013153501268564568, 0.00946886098244613, 0.008579583773888502, 0.006204302045280614
17, 7, 0.011207531885174832, 0.00946886098244613, 0.007390880565591629, 0.006204302045280614
17, 8, 0.016876190230271457, 0.00946886098244613, 0.011157175654470894, 0.006204302045280614
17, 9, 0.011425657511068743, 0.00946886098244613, 0.007556578174128389, 0.006204302045280614
18, 0, 0.012300630968118304, 0.00946886098244613, 0.008152957649599588, 0.006204302045280614
18, 1, 0.011059215982293988, 0.00946886098244613, 0.007145362586470625, 0.006204302045280614
18, 2, 0.01141159452653817, 0.00946886098244613, 0.007272417743833992, 0.006204302045280614
18, 3, 0.011268875163342849, 0.00946886098244613, 0.007434775421733605, 0.006204302045280614
18, 4, 0.011180585170609453, 0.00946886098244613, 0.007378636624743058, 0.006204302045280614
18, 5, 0.011032202923568653, 0.00946886098244613, 0.007165099187899363, 0.006204302045280614
18, 6, 0.013111005495273973, 0.00946886098244613, 0.008617095535903257, 0.006204302045280614
18, 7, 0.01102894206420763, 0.00946886098244613, 0.0072747407744444175, 0.006204302045280614
18, 8, 0.011836735356978623, 0.00946886098244613, 0.007881474189482733, 0.006204302045280614
18, 9, 0.011402286500554703, 0.00946886098244613, 0.0075602817436160735, 0.006204302045280614
19, 0, 0.011173806430161085, 0.00946886098244613, 0.007359967200827404, 0.006204302045280614
19, 1, 0.011083825656765653, 0.00946886098244613, 0.007292294988569255, 0.006204302045280614
19, 2, 0.011023666342913529, 0.00946886098244613, 0.007152036423162182, 0.006204302045280614
19, 3, 0.011268021488715843, 0.00946886098244613, 0.007434231893712503, 0.006204302045280614
19, 4, 0.011362851515124332, 0.00946886098244613, 0.0075046781333786, 0.006204302045280614
19, 5, 0.011194896504366171, 0.00946886098244613, 0.007317183494703036, 0.006204302045280614
19, 6, 0.01110629284475043, 0.00946886098244613, 0.007309907119910082, 0.006204302045280614
19, 7, 0.011356620377591036, 0.00946886098244613, 0.007510451954213145, 0.006204302045280614
19, 8, 0.011311310239059376, 0.00946886098244613, 0.007500226011220648, 0.006204302045280614
19, 9, 0.011386454066822293, 0.00946886098244613, 0.007554293161810079, 0.006204302045280614
20, 0, 0.010863067247394753, 0.00946886098244613, 0.007145562768192394, 0.006204302045280614
20, 1, 0.011203454801400151, 0.00946886098244613, 0.007436448053397524, 0.006204302045280614
20, 2, 0.011196384629963476, 0.00946886098244613, 0.007428143471953794, 0.006204302045280614
20, 3, 0.011357782010958549, 0.00946886098244613, 0.007494588741338344, 0.006204302045280614
20, 4, 0.011340939763365494, 0.00946886098244613, 0.007488804836509527, 0.006204302045280614
20, 5, 0.011081480604680637, 0.00946886098244613, 0.007285034091162521, 0.006204302045280614
20, 6, 0.011058402202353695, 0.00946886098244613, 0.0072880351004111985, 0.006204302045280614
20, 7, 0.011350095038274026, 0.00946886098244613, 0.007509370146048974, 0.006204302045280614
20, 8, 0.011113068966589715, 0.00946886098244613, 0.007315237346909142, 0.006204302045280614
20, 9, 0.0114236554223329, 0.00946886098244613, 0.0075669336740153284, 0.006204302045280614
21, 0, 0.011175397002851044, 0.00946886098244613, 0.00736823329085685, 0.006204302045280614
21, 1, 0.011981763792132413, 0.00946886098244613, 0.008014982106461557, 0.006204302045280614
21, 2, 0.011781225438141155, 0.00946886098244613, 0.007915892593260592, 0.006204302045280614
21, 3, 0.011187206515388685, 0.00946886098244613, 0.007379859860708241, 0.006204302045280614
21, 4, 0.011417779014204132, 0.00946886098244613, 0.007538057595820462, 0.006204302045280614
21, 5, 0.011136787458820569, 0.00946886098244613, 0.0073733669793000145, 0.006204302045280614
21, 6, 0.011281721540263114, 0.00946886098244613, 0.007455527199398543, 0.006204302045280614
21, 7, 0.0110538831107235, 0.00946886098244613, 0.007301079667596233, 0.006204302045280614
21, 8, 0.013204042130021743, 0.00946886098244613, 0.008750846465021332, 0.006204302045280614
21, 9, 0.011426320659568478, 0.00946886098244613, 0.007553811737274527, 0.006204302045280614
22, 0, 0.011353604899680667, 0.00946886098244613, 0.007498342839892117, 0.006204302045280614
22, 1, 0.011873664010418337, 0.00946886098244613, 0.007893169010788285, 0.006204302045280614
22, 2, 0.011551736028487903, 0.00946886098244613, 0.0077274366612574115, 0.006204302045280614
22, 3, 0.011191828044887168, 0.00946886098244613, 0.007383239812771762, 0.006204302045280614
22, 4, 0.011336963690029685, 0.00946886098244613, 0.007475371326960367, 0.006204302045280614
22, 5, 0.011181072730529776, 0.00946886098244613, 0.007405906711721341, 0.006204302045280614
22, 6, 0.011480944210976925, 0.00946886098244613, 0.007592020162494045, 0.006204302045280614
22, 7, 0.01097679042295527, 0.00946886098244613, 0.0072466630220396075, 0.006204302045280614
22, 8, 0.01086422820478342, 0.00946886098244613, 0.007081526824172328, 0.006204302045280614
22, 9, 0.011744262968304331, 0.00946886098244613, 0.007769133727829987, 0.006204302045280614
23, 0, 0.011451073394996113, 0.00946886098244613, 0.00756673130309491, 0.006204302045280614
23, 1, 0.01128831440124893, 0.00946886098244613, 0.007336576495855184, 0.006204302045280614
23, 2, 0.011268494797092585, 0.00946886098244613, 0.007440259426371624, 0.006204302045280614
23, 3, 0.011190526517216219, 0.00946886098244613, 0.0073821605816693945, 0.006204302045280614
23, 4, 0.012043720523230212, 0.00946886098244613, 0.00798328866100226, 0.006204302045280614
23, 5, 0.011365933850703443, 0.00946886098244613, 0.007522601115171723, 0.006204302045280614
23, 6, 0.01151141843021069, 0.00946886098244613, 0.007610469908155498, 0.006204302045280614
23, 7, 0.010953556533074206, 0.00946886098244613, 0.0072265501908133035, 0.006204302045280614
23, 8, 0.010653041249233882, 0.00946886098244613, 0.006962679285817922, 0.006204302045280614
23, 9, 0.011668690427432633, 0.00946886098244613, 0.007699902333967946, 0.006204302045280614
24, 0, 0.011148542492564213, 0.00946886098244613, 0.007356156753204084, 0.006204302045280614
24, 1, 0.011156486708219495, 0.00946886098244613, 0.007126784056620403, 0.006204302045280614
24, 2, 0.011291584202908213, 0.00946886098244613, 0.007317077928428246, 0.006204302045280614
24, 3, 0.011364335333985651, 0.00946886098244613, 0.0074991026504344456, 0.006204302045280614
24, 4, 0.013023776252626641, 0.00946886098244613, 0.008497707070478021, 0.006204302045280614
24, 5, 0.011550460882195865, 0.00946886098244613, 0.0075990065728530135, 0.006204302045280614
24, 6, 0.011198439709870472, 0.00946886098244613, 0.007381836738899707, 0.006204302045280614
24, 7, 0.011085597152013465, 0.00946886098244613, 0.007310301143350357, 0.006204302045280614
24, 8, 0.013660556610062689, 0.00946886098244613, 0.00896159805615636, 0.006204302045280614
24, 9, 0.011652938759005586, 0.00946886098244613, 0.007673852653182073, 0.006204302045280614
25, 0, 0.011157072994499004, 0.00946886098244613, 0.00735253869572284, 0.006204302045280614
25, 1, 0.011382586113931633, 0.00946886098244613, 0.0072478975596158264, 0.006204302045280614
25, 2, 0.011443023478742733, 0.00946886098244613, 0.007301931076744835, 0.006204302045280614
25, 3, 0.011269643414865308, 0.00946886098244613, 0.0074352916460200735, 0.006204302045280614
25, 4, 0.012909916142026624, 0.00946886098244613, 0.008441080427866164, 0.006204302045280614
25, 5, 0.010993703093583652, 0.00946886098244613, 0.0071205368585934604, 0.006204302045280614
25, 6, 0.011063835849957099, 0.00946886098244613, 0.007281994869778104, 0.006204302045280614
25, 7, 0.01105816533440115, 0.00946886098244613, 0.007290230893746593, 0.006204302045280614
25, 8, 0.014968977937261244, 0.00946886098244613, 0.009855492758801768, 0.006204302045280614
25, 9, 0.01152095065696903, 0.00946886098244613, 0.007597167325239573, 0.006204302045280614
26, 0, 0.010885736393125319, 0.00946886098244613, 0.007154646393324982, 0.006204302045280614
26, 1, 0.011115782026958794, 0.00946886098244613, 0.007127703210643582, 0.006204302045280614
26, 2, 0.01187387289043044, 0.00946886098244613, 0.007507341625344125, 0.006204302045280614
26, 3, 0.011279193412085883, 0.00946886098244613, 0.007441920463446804, 0.006204302045280614
26, 4, 0.011551598933144688, 0.00946886098244613, 0.007641301081608786, 0.006204302045280614
26, 5, 0.0111204060600347, 0.00946886098244613, 0.007160960345841287, 0.006204302045280614
26, 6, 0.010905828246918452, 0.00946886098244613, 0.007162471213553386, 0.006204302045280614
26, 7, 0.011014887278026297, 0.00946886098244613, 0.007260647892147298, 0.006204302045280614
26, 8, 0.012300022612094712, 0.00946886098244613, 0.008107435033323595, 0.006204302045280614
26, 9, 0.01155885637969175, 0.00946886098244613, 0.007642774182973528, 0.006204302045280614
27, 0, 0.010838623403300336, 0.00946886098244613, 0.007121907255303133, 0.006204302045280614
27, 1, 0.010905051912510635, 0.00946886098244613, 0.007078316365692841, 0.006204302045280614
27, 2, 0.012039630390003364, 0.00946886098244613, 0.007593765968903956, 0.006204302045280614
27, 3, 0.011277501273362328, 0.00946886098244613, 0.007440616046306889, 0.006204302045280614
27, 4, 0.011120790694602232, 0.00946886098244613, 0.007331198942451604, 0.006204302045280614
27, 5, 0.011148276904100559, 0.00946886098244613, 0.00718288562779337, 0.006204302045280614
27, 6, 0.01145613550654363, 0.00946886098244613, 0.007555090152010901, 0.006204302045280614
27, 7, 0.011316902980966007, 0.00946886098244613, 0.0074788224715410774, 0.006204302045280614
27, 8, 0.010784877396833769, 0.00946886098244613, 0.007100079896160409, 0.006204302045280614
27, 9, 0.011620668487437095, 0.00946886098244613, 0.007705325555291439, 0.006204302045280614
28, 0, 0.010846329528024024, 0.00946886098244613, 0.007127567320760559, 0.006204302045280614
28, 1, 0.01098217631201719, 0.00946886098244613, 0.0072395246509218735, 0.006204302045280614
28, 2, 0.011611657906251646, 0.00946886098244613, 0.007396923670378565, 0.006204302045280614
28, 3, 0.011359471193032442, 0.00946886098244613, 0.007495852870628142, 0.006204302045280614
28, 4, 0.011373967839847078, 0.00946886098244613, 0.007514288979425111, 0.006204302045280614
28, 5, 0.011103013710664564, 0.00946886098244613, 0.0071948437423578525, 0.006204302045280614
28, 6, 0.011733449728085262, 0.00946886098244613, 0.007751184267296919, 0.006204302045280614
28, 7, 0.011550545387379527, 0.00946886098244613, 0.007650760715369061, 0.006204302045280614
28, 8, 0.010941139199126095, 0.00946886098244613, 0.007170847476103699, 0.006204302045280614
28, 9, 0.010598761675101907, 0.00946886098244613, 0.007019543459169002, 0.006204302045280614
29, 0, 0.011018251992140501, 0.00946886098244613, 0.007248493966776476, 0.006204302045280614
29, 1, 0.011559584150201327, 0.00946886098244613, 0.007708657782690326, 0.006204302045280614
29, 2, 0.011221427059665428, 0.00946886098244613, 0.007317868350423687, 0.006204302045280614
29, 3, 0.01040987074534033, 0.00946886098244613, 0.006855691242444169, 0.006204302045280614
29, 4, 0.011392230255156944, 0.00946886098244613, 0.007531280271482355, 0.006204302045280614
29, 5, 0.011123123603799764, 0.00946886098244613, 0.007290800408313903, 0.006204302045280614
29, 6, 0.011073121531785262, 0.00946886098244613, 0.007290725485683948, 0.006204302045280614
29, 7, 0.01149656797521537, 0.00946886098244613, 0.007620491758955335, 0.006204302045280614
29, 8, 0.011105630040816545, 0.00946886098244613, 0.0072591316068312366, 0.006204302045280614
29, 9, 0.011384506171545333, 0.00946886098244613, 0.007548979717618159, 0.006204302045280614
30, 0, 0.010158416601393652, 0.00946886098244613, 0.006674773274819066, 0.006204302045280614
30, 1, 0.013140780093694815, 0.00946886098244613, 0.008737533654681053, 0.006204302045280614
30, 2, 0.011361219785566682, 0.00946886098244613, 0.0075745370091064535, 0.006204302045280614
30, 3, 0.01127850289858381, 0.00946886098244613, 0.0074413112645785075, 0.006204302045280614
30, 4, 0.011267129811059094, 0.00946886098244613, 0.007442516511087612, 0.006204302045280614
30, 5, 0.01112485892960481, 0.00946886098244613, 0.007364526138354189, 0.006204302045280614
30, 6, 0.01120854486577939, 0.00946886098244613, 0.0073949031948900784, 0.006204302045280614
30, 7, 0.01153915981713251, 0.00946886098244613, 0.007644608626634796, 0.006204302045280614
30, 8, 0.013495662163223267, 0.00946886098244613, 0.008765535663094038, 0.006204302045280614
30, 9, 0.011190619834494316, 0.00946886098244613, 0.00741236327629953, 0.006204302045280614
31, 0, 0.011025167958911791, 0.00946886098244613, 0.007267734622049817, 0.006204302045280614
31, 1, 0.013691918187234899, 0.00946886098244613, 0.009177398926264275, 0.006204302045280614
31, 2, 0.011413573493885549, 0.00946886098244613, 0.007663670332017856, 0.006204302045280614
31, 3, 0.011362415545120836, 0.00946886098244613, 0.007497807490699996, 0.006204302045280614
31, 4, 0.011255701355187716, 0.00946886098244613, 0.007425026356165301, 0.006204302045280614
31, 5, 0.011193297036501227, 0.00946886098244613, 0.00746363693682693, 0.006204302045280614
31, 6, 0.011289715502276098, 0.00946886098244613, 0.007449969588019189, 0.006204302045280614
31, 7, 0.011063413198291355, 0.00946886098244613, 0.00730008588917257, 0.006204302045280614
31, 8, 0.01139382007277255, 0.00946886098244613, 0.007490390153046565, 0.006204302045280614
31, 9, 0.011367030361280683, 0.00946886098244613, 0.007519519886192716, 0.006204302045280614
32, 0, 0.011289745392410684, 0.00946886098244613, 0.007453071748324567, 0.006204302045280614
32, 1, 0.01134737464425281, 0.00946886098244613, 0.007478842713728625, 0.006204302045280614
32, 2, 0.011601943251056408, 0.00946886098244613, 0.007790225325951502, 0.006204302045280614
32, 3, 0.011272001341716133, 0.00946886098244613, 0.007437108112564188, 0.006204302045280614
32, 4, 0.011288142979084433, 0.00946886098244613, 0.007451475150417529, 0.006204302045280614
32, 5, 0.011089376738635012, 0.00946886098244613, 0.007400118139530616, 0.006204302045280614
32, 6, 0.011113717245380144, 0.00946886098244613, 0.007307923827430802, 0.006204302045280614
32, 7, 0.01086258264551486, 0.00946886098244613, 0.007164071403492206, 0.006204302045280614
32, 8, 0.011083555208154806, 0.00946886098244613, 0.007275375173890101, 0.006204302045280614
32, 9, 0.011418852072551815, 0.00946886098244613, 0.007546997970204819, 0.006204302045280614
33, 0, 0.011494024465782009, 0.00946886098244613, 0.007592495397725108, 0.006204302045280614
33, 1, 0.010990385026212897, 0.00946886098244613, 0.007130265205088572, 0.006204302045280614
33, 2, 0.011290576804573642, 0.00946886098244613, 0.007473791499351527, 0.006204302045280614
33, 3, 0.011276835879167665, 0.00946886098244613, 0.007440173563430821, 0.006204302045280614
33, 4, 0.012057311348339188, 0.00946886098244613, 0.007992590570476622, 0.006204302045280614
33, 5, 0.010937619746428057, 0.00946886098244613, 0.007227029868400784, 0.006204302045280614
33, 6, 0.011454125231347392, 0.00946886098244613, 0.007540341695854135, 0.006204302045280614
33, 7, 0.011058335332323987, 0.00946886098244613, 0.0072947996082137305, 0.006204302045280614
33, 8, 0.011108414605850665, 0.00946886098244613, 0.007307201730249301, 0.006204302045280614
33, 9, 0.011278578316000968, 0.00946886098244613, 0.007443504242959065, 0.006204302045280614
34, 0, 0.011459310018691847, 0.00946886098244613, 0.007562258033645126, 0.006204302045280614
34, 1, 0.011293949780763271, 0.00946886098244613, 0.007264556543923381, 0.006204302045280614
34, 2, 0.011189563318130437, 0.00946886098244613, 0.007270011511316677, 0.006204302045280614
34, 3, 0.01136137463344639, 0.00946886098244613, 0.0074969910658404726, 0.006204302045280614
34, 4, 0.012509973091368209, 0.00946886098244613, 0.008310230724041155, 0.006204302045280614
34, 5, 0.010960470237922617, 0.00946886098244613, 0.007171153007194629, 0.006204302045280614
34, 6, 0.01131177423627628, 0.00946886098244613, 0.007443277177985341, 0.006204302045280614
34, 7, 0.011032180602339141, 0.00946886098244613, 0.0072751740150317455, 0.006204302045280614
34, 8, 0.011039387884131027, 0.00946886098244613, 0.007275011132835677, 0.006204302045280614
34, 9, 0.011350847901841975, 0.00946886098244613, 0.007492476867637639, 0.006204302045280614
35, 0, 0.011374484521700635, 0.00946886098244613, 0.007495566374093582, 0.006204302045280614
35, 1, 0.011297167500722528, 0.00946886098244613, 0.007242615048991925, 0.006204302045280614
35, 2, 0.011485987590371125, 0.00946886098244613, 0.007361669204298559, 0.006204302045280614
35, 3, 0.011278147757835453, 0.00946886098244613, 0.007441022576804501, 0.006204302045280614
35, 4, 0.01195156246697151, 0.00946886098244613, 0.007920337286656495, 0.006204302045280614
35, 5, 0.011184914474923981, 0.00946886098244613, 0.007260808096253041, 0.006204302045280614
35, 6, 0.011119450364995067, 0.00946886098244613, 0.007302212174420214, 0.006204302045280614
35, 7, 0.011279993981296716, 0.00946886098244613, 0.007443103590907436, 0.006204302045280614
35, 8, 0.010856295548366998, 0.00946886098244613, 0.007149727748270946, 0.006204302045280614
35, 9, 0.011386142614059788, 0.00946886098244613, 0.0075324962625079005, 0.006204302045280614
36, 0, 0.01113428417656269, 0.00946886098244613, 0.007323184324380579, 0.006204302045280614
36, 1, 0.011124020698195118, 0.00946886098244613, 0.007179355668490731, 0.006204302045280614
36, 2, 0.011533076258106009, 0.00946886098244613, 0.007359446426288791, 0.006204302045280614
36, 3, 0.011275445980065772, 0.00946886098244613, 0.007439240639327056, 0.006204302045280614
36, 4, 0.011232499872634805, 0.00946886098244613, 0.007412841882220845, 0.006204302045280614
36, 5, 0.011148432952789836, 0.00946886098244613, 0.00722977078335785, 0.006204302045280614
36, 6, 0.011228853773035164, 0.00946886098244613, 0.007393258548874058, 0.006204302045280614
36, 7, 0.011241070238077385, 0.00946886098244613, 0.007414763791795824, 0.006204302045280614
36, 8, 0.010628390458487959, 0.00946886098244613, 0.0069811498025731415, 0.006204302045280614
36, 9, 0.011457938649709095, 0.00946886098244613, 0.007602958178398872, 0.006204302045280614
37, 0, 0.010913871659875677, 0.00946886098244613, 0.007174212296388067, 0.006204302045280614
37, 1, 0.011002081522349575, 0.00946886098244613, 0.007188437423005338, 0.006204302045280614
37, 2, 0.011515197455369596, 0.00946886098244613, 0.007360683973420874, 0.006204302045280614
37, 3, 0.011278397064188532, 0.00946886098244613, 0.007441327505584894, 0.006204302045280614
37, 4, 0.011053026756767772, 0.00946886098244613, 0.007281633985341981, 0.006204302045280614
37, 5, 0.010887937799786262, 0.00946886098244613, 0.007050346110643461, 0.006204302045280614
37, 6, 0.011300228099893693, 0.00946886098244613, 0.00746161987747778, 0.006204302045280614
37, 7, 0.011250695011115691, 0.00946886098244613, 0.007420552039294798, 0.006204302045280614
37, 8, 0.01067436670605526, 0.00946886098244613, 0.007003905822357212, 0.006204302045280614
37, 9, 0.011408132622991389, 0.00946886098244613, 0.007581778075687678, 0.006204302045280614
38, 0, 0.010893880103811385, 0.00946886098244613, 0.007162270069318699, 0.006204302045280614
38, 1, 0.011115464738498454, 0.00946886098244613, 0.007343671527041978, 0.006204302045280614
38, 2, 0.011476716096408617, 0.00946886098244613, 0.00738923575449322, 0.006204302045280614
38, 3, 0.011270671770683274, 0.00946886098244613, 0.007436125711634955, 0.006204302045280614
38, 4, 0.011190787970272432, 0.00946886098244613, 0.007382774907633122, 0.006204302045280614
38, 5, 0.010845486855712596, 0.00946886098244613, 0.007074398836384738, 0.006204302045280614
38, 6, 0.011191845681339938, 0.00946886098244613, 0.007391148386895676, 0.006204302045280614
38, 7, 0.01147932725707658, 0.00946886098244613, 0.00759034460001478, 0.006204302045280614
38, 8, 0.010839491484743077, 0.00946886098244613, 0.00711890858813475, 0.006204302045280614
38, 9, 0.011451849909704255, 0.00946886098244613, 0.007611389842397812, 0.006204302045280614
39, 0, 0.011014541444018528, 0.00946886098244613, 0.007247860985351229, 0.006204302045280614
39, 1, 0.011219186475371935, 0.00946886098244613, 0.0074244623388828495, 0.006204302045280614
39, 2, 0.011260695947318886, 0.00946886098244613, 0.007312364558050809, 0.006204302045280614
39, 3, 0.01136282758120316, 0.00946886098244613, 0.007498087305584, 0.006204302045280614
39, 4, 0.01136710123404795, 0.00946886098244613, 0.007509157765957473, 0.006204302045280614
39, 5, 0.01107567488386314, 0.00946886098244613, 0.0072962872228186796, 0.006204302045280614
39, 6, 0.011245963752879052, 0.00946886098244613, 0.007421199815603578, 0.006204302045280614
39, 7, 0.011247716898421743, 0.00946886098244613, 0.0074302851983605546, 0.006204302045280614
39, 8, 0.010960334244041196, 0.00946886098244613, 0.007211265149997917, 0.006204302045280614
39, 9, 0.011336527593233663, 0.00946886098244613, 0.007515558032622518, 0.006204302045280614
40, 0, 0.01096419099897221, 0.00946886098244613, 0.007222510135619395, 0.006204302045280614
40, 1, 0.011675592494008194, 0.00946886098244613, 0.007757430079751254, 0.006204302045280614
40, 2, 0.011024905252722242, 0.00946886098244613, 0.007236481273446906, 0.006204302045280614
40, 3, 0.011362457946651038, 0.00946886098244613, 0.0074978024315092845, 0.006204302045280614
40, 4, 0.011333609927164368, 0.00946886098244613, 0.007487184533404855, 0.006204302045280614
40, 5, 0.01105927943515645, 0.00946886098244613, 0.007321792373851666, 0.006204302045280614
40, 6, 0.01120238036691291, 0.00946886098244613, 0.007382451606594862, 0.006204302045280614
40, 7, 0.011039265523245644, 0.00946886098244613, 0.0072832805034045685, 0.006204302045280614
40, 8, 0.010988227429285883, 0.00946886098244613, 0.0072447608406368295, 0.006204302045280614
40, 9, 0.01118325399979712, 0.00946886098244613, 0.007387752652100209, 0.006204302045280614
41, 0, 0.011303791712251956, 0.00946886098244613, 0.007457183368601037, 0.006204302045280614
41, 1, 0.011819837158364044, 0.00946886098244613, 0.007856972815769232, 0.006204302045280614
41, 2, 0.011166323999917089, 0.00946886098244613, 0.00739429409067616, 0.006204302045280614
41, 3, 0.011186610790730427, 0.00946886098244613, 0.007379534080736612, 0.006204302045280614
41, 4, 0.011169103045605514, 0.00946886098244613, 0.007370659537573245, 0.006204302045280614
41, 5, 0.01124462877800905, 0.00946886098244613, 0.007471663723269103, 0.006204302045280614
41, 6, 0.011227074947869979, 0.00946886098244613, 0.007389392091129315, 0.006204302045280614
41, 7, 0.010993481952803974, 0.00946886098244613, 0.007249286626753121, 0.006204302045280614
41, 8, 0.011058311653830902, 0.00946886098244613, 0.007296794189527983, 0.006204302045280614
41, 9, 0.011085177161293966, 0.00946886098244613, 0.007299827057221549, 0.006204302045280614
42, 0, 0.011257892453317342, 0.00946886098244613, 0.007431515933980584, 0.006204302045280614
42, 1, 0.011265894841376635, 0.00946886098244613, 0.00740159372137177, 0.006204302045280614
42, 2, 0.011268583883092036, 0.00946886098244613, 0.007467606056865178, 0.006204302045280614
42, 3, 0.011268416862636658, 0.00946886098244613, 0.007434280545165487, 0.006204302045280614
42, 4, 0.011315396833665668, 0.00946886098244613, 0.007465310551327119, 0.006204302045280614
42, 5, 0.011124961440831832, 0.00946886098244613, 0.007348230990753085, 0.006204302045280614
42, 6, 0.01125890740603553, 0.00946886098244613, 0.00740233277744927, 0.006204302045280614
42, 7, 0.011009767520989634, 0.00946886098244613, 0.007258933060681806, 0.006204302045280614
42, 8, 0.011124612424993971, 0.00946886098244613, 0.007336237343156617, 0.006204302045280614
42, 9, 0.01119722957699529, 0.00946886098244613, 0.007373643383853527, 0.006204302045280614
43, 0, 0.01136907905646234, 0.00946886098244613, 0.007507880791316791, 0.006204302045280614
43, 1, 0.011135774690261488, 0.00946886098244613, 0.007242875945400337, 0.006204302045280614
43, 2, 0.011201866911477957, 0.00946886098244613, 0.007376342724032279, 0.006204302045280614
43, 3, 0.011280867499284516, 0.00946886098244613, 0.007443052034447273, 0.006204302045280614
43, 4, 0.011356529931877688, 0.00946886098244613, 0.007487810812661261, 0.006204302045280614
43, 5, 0.011096947296483731, 0.00946886098244613, 0.0072938574445382065, 0.006204302045280614
43, 6, 0.011176232256751876, 0.00946886098244613, 0.00734883860213366, 0.006204302045280614
43, 7, 0.011016426800168266, 0.00946886098244613, 0.007263171299555014, 0.006204302045280614
43, 8, 0.011004086723105436, 0.00946886098244613, 0.007243982702878709, 0.006204302045280614
43, 9, 0.01138174077022076, 0.00946886098244613, 0.007515538673225165, 0.006204302045280614
44, 0, 0.011377143324567733, 0.00946886098244613, 0.007507569557888629, 0.006204302045280614
44, 1, 0.011352764868277009, 0.00946886098244613, 0.007357018701386268, 0.006204302045280614
44, 2, 0.011193892624902634, 0.00946886098244613, 0.007303046306237186, 0.006204302045280614
44, 3, 0.011356135909131109, 0.00946886098244613, 0.007493353643449379, 0.006204302045280614
44, 4, 0.011370669382762053, 0.00946886098244613, 0.007499383658661937, 0.006204302045280614
44, 5, 0.011183832961237932, 0.00946886098244613, 0.007309190858206257, 0.006204302045280614
44, 6, 0.010995600285160698, 0.00946886098244613, 0.007223173728696801, 0.006204302045280614
44, 7, 0.011232106455338819, 0.00946886098244613, 0.007407986881474072, 0.006204302045280614
44, 8, 0.010903227854730496, 0.00946886098244613, 0.007164894925198982, 0.006204302045280614
44, 9, 0.011469150158370476, 0.00946886098244613, 0.007590492954752288, 0.006204302045280614
45, 0, 0.011255153339379037, 0.00946886098244613, 0.007417423637081019, 0.006204302045280614
45, 1, 0.011139581310602662, 0.00946886098244613, 0.007224961285176862, 0.006204302045280614
45, 2, 0.011359646724550683, 0.00946886098244613, 0.007361154893078508, 0.006204302045280614
45, 3, 0.011270710111474392, 0.00946886098244613, 0.00743612233485395, 0.006204302045280614
45, 4, 0.01125852993755257, 0.00946886098244613, 0.007425733502890049, 0.006204302045280614
45, 5, 0.011210231252162372, 0.00946886098244613, 0.007281343804536156, 0.006204302045280614
45, 6, 0.011031033080382176, 0.00946886098244613, 0.007245530965028447, 0.006204302045280614
45, 7, 0.011243578727182586, 0.00946886098244613, 0.0074160761806022525, 0.006204302045280614
45, 8, 0.010913486905779339, 0.00946886098244613, 0.007166634818038697, 0.006204302045280614
45, 9, 0.011436132651077768, 0.00946886098244613, 0.00758296092001395, 0.006204302045280614
46, 0, 0.010950264171905625, 0.00946886098244613, 0.007204829045129191, 0.006204302045280614
46, 1, 0.011143756153240597, 0.00946886098244613, 0.007263498113710792, 0.006204302045280614
46, 2, 0.011962892825633474, 0.00946886098244613, 0.0077710700382520375, 0.006204302045280614
46, 3, 0.011356427121768323, 0.00946886098244613, 0.0074935341880187, 0.006204302045280614
46, 4, 0.011231183456384658, 0.00946886098244613, 0.007402135989469375, 0.006204302045280614
46, 5, 0.011207563700293023, 0.00946886098244613, 0.0072557138017114026, 0.006204302045280614
46, 6, 0.01111831121664124, 0.00946886098244613, 0.007314305726921035, 0.006204302045280614
46, 7, 0.011118363046639287, 0.00946886098244613, 0.007335096213592619, 0.006204302045280614
46, 8, 0.010934687979502849, 0.00946886098244613, 0.0071798907045609725, 0.006204302045280614
46, 9, 0.011392624489400267, 0.00946886098244613, 0.007561773295869532, 0.006204302045280614
47, 0, 0.010780609178403582, 0.00946886098244613, 0.007084135519762673, 0.006204302045280614
47, 1, 0.01108371914510153, 0.00946886098244613, 0.0072565015425010634, 0.006204302045280614
47, 2, 0.011961946240877045, 0.00946886098244613, 0.007791550521150773, 0.006204302045280614
47, 3, 0.011188965946730169, 0.00946886098244613, 0.007381198269775416, 0.006204302045280614
47, 4, 0.011222922851904297, 0.00946886098244613, 0.007398116798008885, 0.006204302045280614
47, 5, 0.010992742325951722, 0.00946886098244613, 0.0071137798061546255, 0.006204302045280614
47, 6, 0.011742203473304964, 0.00946886098244613, 0.007760788182476905, 0.006204302045280614
47, 7, 0.011106883355333151, 0.00946886098244613, 0.007331237087186666, 0.006204302045280614
47, 8, 0.01084482408051779, 0.00946886098244613, 0.007127103592803463, 0.006204302045280614
47, 9, 0.011314671255438955, 0.00946886098244613, 0.007514427771918456, 0.006204302045280614
48, 0, 0.010706252461323389, 0.00946886098244613, 0.007027091979445288, 0.006204302045280614
48, 1, 0.010928690163550681, 0.00946886098244613, 0.007170032603686841, 0.006204302045280614
48, 2, 0.0112985667042256, 0.00946886098244613, 0.00737487871661465, 0.006204302045280614
48, 3, 0.011364425827870195, 0.00946886098244613, 0.0074991718713328, 0.006204302045280614
48, 4, 0.01118852807460876, 0.00946886098244613, 0.00737937766883829, 0.006204302045280614
48, 5, 0.010885647564764844, 0.00946886098244613, 0.007080319381208723, 0.006204302045280614
48, 6, 0.012212302081149533, 0.00946886098244613, 0.008095851391655166, 0.006204302045280614
48, 7, 0.010921106759014027, 0.00946886098244613, 0.007207368153780956, 0.006204302045280614
48, 8, 0.011099968598498568, 0.00946886098244613, 0.007305027328973277, 0.006204302045280614
48, 9, 0.01141466305682376, 0.00946886098244613, 0.0075720154419712605, 0.006204302045280614
49, 0, 0.01087299820491919, 0.00946886098244613, 0.007139875924646449, 0.006204302045280614
49, 1, 0.011160422208093082, 0.00946886098244613, 0.007321806298018002, 0.006204302045280614
49, 2, 0.011186033574427599, 0.00946886098244613, 0.007340563893647286, 0.006204302045280614
49, 3, 0.011188099862531737, 0.00946886098244613, 0.0073805095568199265, 0.006204302045280614
49, 4, 0.011167135530756649, 0.00946886098244613, 0.007368963020852348, 0.006204302045280614
49, 5, 0.010921574238074307, 0.00946886098244613, 0.0071535346843384405, 0.006204302045280614
49, 6, 0.011750245872270554, 0.00946886098244613, 0.007767689295041354, 0.006204302045280614
49, 7, 0.01096753008288724, 0.00946886098244613, 0.007239774838495242, 0.006204302045280614
49, 8, 0.011092384505284542, 0.00946886098244613, 0.007313860677042858, 0.006204302045280614
49, 9, 0.01130943429049951, 0.00946886098244613, 0.007481497715973211, 0.006204302045280614
50, 0, 0.01099240666122091, 0.00946886098244613, 0.0072288254068797525, 0.006204302045280614
50, 1, 0.011646564472776294, 0.00946886098244613, 0.007671310773586854, 0.006204302045280614
50, 2, 0.011166472314759923, 0.00946886098244613, 0.00736201336801729, 0.006204302045280614
50, 3, 0.01135885128290089, 0.00946886098244613, 0.007495231776559987, 0.006204302045280614
50, 4, 0.0112578920929884, 0.00946886098244613, 0.007428065540014119, 0.006204302045280614
50, 5, 0.010781824383143361, 0.00946886098244613, 0.007101908173399802, 0.006204302045280614
50, 6, 0.011085085321265915, 0.00946886098244613, 0.007291879526443856, 0.006204302045280614
50, 7, 0.011010999721057894, 0.00946886098244613, 0.007266987015129146, 0.006204302045280614
50, 8, 0.011137807035782819, 0.00946886098244613, 0.007348791483733539, 0.006204302045280614
50, 9, 0.011276101795260882, 0.00946886098244613, 0.007446413319407582, 0.006204302045280614
51, 0, 0.011147500212814031, 0.00946886098244613, 0.00734675910099827, 0.006204302045280614
51, 1, 0.013270443241324006, 0.00946886098244613, 0.008682826834926593, 0.006204302045280614
51, 2, 0.01112097397591701, 0.00946886098244613, 0.007316047987671788, 0.006204302045280614
51, 3, 0.01126785643652291, 0.00946886098244613, 0.0074341425629023995, 0.006204302045280614
51, 4, 0.011291817546458686, 0.00946886098244613, 0.007448484041104372, 0.006204302045280614
51, 5, 0.010796768627210598, 0.00946886098244613, 0.0071252232468932385, 0.006204302045280614
51, 6, 0.01126513918801233, 0.00946886098244613, 0.007412605399366244, 0.006204302045280614
51, 7, 0.010946626206286255, 0.00946886098244613, 0.007224594320370981, 0.006204302045280614
51, 8, 0.011009758235417022, 0.00946886098244613, 0.007261216765762316, 0.006204302045280614
51, 9, 0.011341290039518614, 0.00946886098244613, 0.007489685617078642, 0.006204302045280614
52, 0, 0.011274647132036002, 0.00946886098244613, 0.007444237219947498, 0.006204302045280614
52, 1, 0.012959463787393986, 0.00946886098244613, 0.008537787463216132, 0.006204302045280614
52, 2, 0.010994547528968177, 0.00946886098244613, 0.007187219250531142, 0.006204302045280614
52, 3, 0.011276442018892198, 0.00946886098244613, 0.007439890216677205, 0.006204302045280614
52, 4, 0.011165033388447055, 0.00946886098244613, 0.007363337277024447, 0.006204302045280614
52, 5, 0.010833750776411891, 0.00946886098244613, 0.0071233976245466965, 0.006204302045280614
52, 6, 0.011284903949111375, 0.00946886098244613, 0.007433834785319592, 0.006204302045280614
52, 7, 0.011012187014129092, 0.00946886098244613, 0.007263690626489583, 0.006204302045280614
52, 8, 0.01082195740283423, 0.00946886098244613, 0.007126486398366036, 0.006204302045280614
52, 9, 0.011279856746744973, 0.00946886098244613, 0.007455215800961336, 0.006204302045280614
53, 0, 0.011345313228764661, 0.00946886098244613, 0.0075018775875119875, 0.006204302045280614
53, 1, 0.011540445825183907, 0.00946886098244613, 0.007541387818556614, 0.006204302045280614
53, 2, 0.010964566522024833, 0.00946886098244613, 0.007136154849608293, 0.006204302045280614
53, 3, 0.01128079042948844, 0.00946886098244613, 0.007442963064079215, 0.006204302045280614
53, 4, 0.011392199843583247, 0.00946886098244613, 0.007523175248513939, 0.006204302045280614
53, 5, 0.011001660424812792, 0.00946886098244613, 0.007201519835907745, 0.006204302045280614
53, 6, 0.011261178181834423, 0.00946886098244613, 0.007408152664891987, 0.006204302045280614
53, 7, 0.011001980212769784, 0.00946886098244613, 0.00725557257325788, 0.006204302045280614
53, 8, 0.0108435377122882, 0.00946886098244613, 0.007127528337318858, 0.006204302045280614
53, 9, 0.011415367535932704, 0.00946886098244613, 0.00755250707532745, 0.006204302045280614
54, 0, 0.011199924917357721, 0.00946886098244613, 0.007402700696761117, 0.006204302045280614
54, 1, 0.010987271750783081, 0.00946886098244613, 0.007148964172946189, 0.006204302045280614
54, 2, 0.011225906067349238, 0.00946886098244613, 0.0072986502000418315, 0.006204302045280614
54, 3, 0.011178225694658756, 0.00946886098244613, 0.007373676404130387, 0.006204302045280614
54, 4, 0.011309120408904912, 0.00946886098244613, 0.007466805859217611, 0.006204302045280614
54, 5, 0.011231869656814254, 0.00946886098244613, 0.00732073362010061, 0.006204302045280614
54, 6, 0.011575219391366336, 0.00946886098244613, 0.0076290638985861865, 0.006204302045280614
54, 7, 0.011274339935786772, 0.00946886098244613, 0.00743793097170073, 0.006204302045280614
54, 8, 0.010823083683252218, 0.00946886098244613, 0.007108065940018362, 0.006204302045280614
54, 9, 0.011575121937619474, 0.00946886098244613, 0.007666549785677935, 0.006204302045280614
55, 0, 0.010876206151056762, 0.00946886098244613, 0.0071736911848993, 0.006204302045280614
55, 1, 0.010958936166760212, 0.00946886098244613, 0.007150895260326106, 0.006204302045280614
55, 2, 0.011133529480948702, 0.00946886098244613, 0.0072422394798907, 0.006204302045280614
55, 3, 0.011363453279476002, 0.00946886098244613, 0.007498591054146701, 0.006204302045280614
55, 4, 0.011394037931265075, 0.00946886098244613, 0.00752332192151245, 0.006204302045280614
55, 5, 0.011394037931265075, 0.00946886098244613, 0.00752332192151245, 0.006204302045280614
55, 6, 0.01288541395001617, 0.00946886098244613, 0.008506906272582508, 0.006204302045280614
55, 7, 0.011164364856737238, 0.00946886098244613, 0.007362393684040413, 0.006204302045280614
55, 8, 0.010833747452721412, 0.00946886098244613, 0.007109774476624916, 0.006204302045280614
55, 9, 0.01138752419306417, 0.00946886098244613, 0.0075469690251726874, 0.006204302045280614
56, 0, 0.010802732954810759, 0.00946886098244613, 0.007111897464139373, 0.006204302045280614
56, 1, 0.011085155401334848, 0.00946886098244613, 0.007260332234110049, 0.006204302045280614
56, 2, 0.011283914544499032, 0.00946886098244613, 0.0073591680785784555, 0.006204302045280614
56, 3, 0.011188073627126711, 0.00946886098244613, 0.007380372815577863, 0.006204302045280614
56, 4, 0.011137713897378608, 0.00946886098244613, 0.0073400385853825195, 0.006204302045280614
56, 5, 0.010947809516303364, 0.00946886098244613, 0.007138592150262493, 0.006204302045280614
56, 6, 0.014477337247186662, 0.00946886098244613, 0.00930456079995817, 0.006204302045280614
56, 7, 0.011179653537320602, 0.00946886098244613, 0.007372787408549151, 0.006204302045280614
56, 8, 0.0107771130282919, 0.00946886098244613, 0.007072939657191233, 0.006204302045280614
56, 9, 0.011427670298005992, 0.00946886098244613, 0.007576601681157675, 0.006204302045280614
57, 0, 0.010956900296530845, 0.00946886098244613, 0.007203980975297449, 0.006204302045280614
57, 1, 0.01125723519437281, 0.00946886098244613, 0.0073921913552277355, 0.006204302045280614
57, 2, 0.011307456220951416, 0.00946886098244613, 0.0074022880804189145, 0.006204302045280614
57, 3, 0.011363076185076999, 0.00946886098244613, 0.0074981285123444895, 0.006204302045280614
57, 4, 0.011121433345232948, 0.00946886098244613, 0.0073302479821451445, 0.006204302045280614
57, 5, 0.010882371469584831, 0.00946886098244613, 0.0071241579198545, 0.006204302045280614
57, 6, 0.011335048293060165, 0.00946886098244613, 0.007466114562558025, 0.006204302045280614
57, 7, 0.011084265761825156, 0.00946886098244613, 0.007310141052362175, 0.006204302045280614
57, 8, 0.011096016232857504, 0.00946886098244613, 0.007298181187004211, 0.006204302045280614
57, 9, 0.011343041478135203, 0.00946886098244613, 0.007512977861073019, 0.006204302045280614
58, 0, 0.011064545898110607, 0.00946886098244613, 0.007271202229710092, 0.006204302045280614
58, 1, 0.011251199839060533, 0.00946886098244613, 0.007402133544918751, 0.006204302045280614
58, 2, 0.011333113021229753, 0.00946886098244613, 0.007449469677155862, 0.006204302045280614
58, 3, 0.011271720330311022, 0.00946886098244613, 0.007436814505982516, 0.006204302045280614
58, 4, 0.011218779739039642, 0.00946886098244613, 0.007399089579761097, 0.006204302045280614
58, 5, 0.010988873818390508, 0.00946886098244613, 0.00721936628741754, 0.006204302045280614
58, 6, 0.01114140267810111, 0.00946886098244613, 0.007338070129092201, 0.006204302045280614
58, 7, 0.011067750591906362, 0.00946886098244613, 0.007298954978056452, 0.006204302045280614
58, 8, 0.01109190382669007, 0.00946886098244613, 0.007306942846861183, 0.006204302045280614
58, 9, 0.01143024935849655, 0.00946886098244613, 0.007565759662343574, 0.006204302045280614
59, 0, 0.011086216683696267, 0.00946886098244613, 0.00728786742022261, 0.006204302045280614
59, 1, 0.01110937107788595, 0.00946886098244613, 0.0073113160223928315, 0.006204302045280614
59, 2, 0.011360907537151537, 0.00946886098244613, 0.007482259219950129, 0.006204302045280614
59, 3, 0.011278218245377204, 0.00946886098244613, 0.007441198370051719, 0.006204302045280614
59, 4, 0.011299251328085512, 0.00946886098244613, 0.007459038351662418, 0.006204302045280614
59, 5, 0.011015737180168782, 0.00946886098244613, 0.007270358902343289, 0.006204302045280614
59, 6, 0.011305349331640032, 0.00946886098244613, 0.007465426909020367, 0.006204302045280614
59, 7, 0.01130217606304577, 0.00946886098244613, 0.007457702285914154, 0.006204302045280614
59, 8, 0.011166483710011544, 0.00946886098244613, 0.007373384518662075, 0.006204302045280614
59, 9, 0.011166483710011544, 0.00946886098244613, 0.007373384518662075, 0.006204302045280614
60, 0, 0.011037367328284604, 0.00946886098244613, 0.0072578888475097955, 0.006204302045280614
60, 1, 0.011325718023528006, 0.00946886098244613, 0.0074358306653684895, 0.006204302045280614
60, 2, 0.011379523232119798, 0.00946886098244613, 0.007486294801008249, 0.006204302045280614
60, 3, 0.011179495043950482, 0.00946886098244613, 0.0073745064533829105, 0.006204302045280614
60, 4, 0.011322838088124926, 0.00946886098244613, 0.0074773165284116655, 0.006204302045280614
60, 5, 0.010977789934338166, 0.00946886098244613, 0.007266904439407495, 0.006204302045280614
60, 6, 0.010075191202008586, 0.00946886098244613, 0.0066352312266642855, 0.006204302045280614
60, 7, 0.011117631458352303, 0.00946886098244613, 0.007335116349085253, 0.006204302045280614
60, 8, 0.011080203491071389, 0.00946886098244613, 0.007318854826921776, 0.006204302045280614
60, 9, 0.011164441585509765, 0.00946886098244613, 0.007380970334816886, 0.006204302045280614
61, 0, 0.01119044045692956, 0.00946886098244613, 0.007373403100554533, 0.006204302045280614
61, 1, 0.012719318506325333, 0.00946886098244613, 0.008382857098461378, 0.006204302045280614
61, 2, 0.011303971425606336, 0.00946886098244613, 0.007391114163982727, 0.006204302045280614
61, 3, 0.011190555911435396, 0.00946886098244613, 0.0073822100822816955, 0.006204302045280614
61, 4, 0.0112027549505943, 0.00946886098244613, 0.007392300752294534, 0.006204302045280614
61, 5, 0.009428073309310215, 0.009428073309310215, 0.006200506172921473, 0.006200506172921473
61, 6, 0.01131336631310478, 0.009428073309310215, 0.007469312045370958, 0.006200506172921473
61, 7, 0.011079114222732342, 0.009428073309310215, 0.007310259384889376, 0.006200506172921473
61, 8, 0.01088827179003769, 0.009428073309310215, 0.0071862594579638886, 0.006200506172921473
61, 9, 0.011307591803305579, 0.009428073309310215, 0.007477570111321003, 0.006200506172921473
62, 0, 0.011201836047632875, 0.009428073309310215, 0.007399774204954193, 0.006200506172921473
62, 1, 0.01208647617544625, 0.009428073309310215, 0.007928475499813173, 0.006200506172921473
62, 2, 0.011219763840282965, 0.009428073309310215, 0.007306220678225101, 0.006200506172921473
62, 3, 0.011349923664724114, 0.009428073309310215, 0.007488950350489795, 0.006200506172921473
62, 4, 0.011133152071838341, 0.009428073309310215, 0.007346739495321674, 0.006200506172921473
62, 5, 0.010962185518640803, 0.009428073309310215, 0.007224157864611218, 0.006200506172921473
62, 6, 0.011408696538978932, 0.009428073309310215, 0.007533450179920802, 0.006200506172921473
62, 7, 0.011159225195449214, 0.009428073309310215, 0.007364992540020537, 0.006200506172921473
62, 8, 0.01090924443350246, 0.009428073309310215, 0.007181857110826935, 0.006200506172921473
62, 9, 0.01152973977830653, 0.009428073309310215, 0.007628652417937763, 0.006200506172921473
63, 0, 0.011071744908129868, 0.009428073309310215, 0.007313743397054943, 0.006200506172921473
63, 1, 0.010861812311889594, 0.009428073309310215, 0.0070520254732488, 0.006200506172921473
63, 2, 0.011011673737226509, 0.009428073309310215, 0.00714659821486958, 0.006200506172921473
63, 3, 0.011328266683101053, 0.009428073309310215, 0.0074793437583325975, 0.006200506172921473
63, 4, 0.011163767844571505, 0.009428073309310215, 0.0073644266290112574, 0.006200506172921473
63, 5, 0.011095995780137634, 0.009428073309310215, 0.007304411935044994, 0.006200506172921473
63, 6, 0.01125310313447342, 0.009428073309310215, 0.007428054336025283, 0.006200506172921473
63, 7, 0.010957095583832756, 0.009428073309310215, 0.007221624642523253, 0.006200506172921473
63, 8, 0.010762064261361743, 0.009428073309310215, 0.007070570299688005, 0.006200506172921473
63, 9, 0.011381051681103059, 0.009428073309310215, 0.007531272456047216, 0.006200506172921473
64, 0, 0.011059643279428301, 0.009428073309310215, 0.007298656919978217, 0.006200506172921473
64, 1, 0.010806438609622061, 0.009428073309310215, 0.007028638008895922, 0.006200506172921473
64, 2, 0.010879605641813951, 0.009428073309310215, 0.007062311553083907, 0.006200506172921473
64, 3, 0.011283921614983504, 0.009428073309310215, 0.007446653482750015, 0.006200506172921473
64, 4, 0.01086573350534467, 0.009428073309310215, 0.0071590024500133576, 0.006200506172921473
64, 5, 0.011076547885747174, 0.009428073309310215, 0.007293749932002815, 0.006200506172921473
64, 6, 0.011252069803447083, 0.009428073309310215, 0.007427496150219991, 0.006200506172921473
64, 7, 0.010857040117877725, 0.009428073309310215, 0.007151435622304665, 0.006200506172921473
64, 8, 0.010738926140265781, 0.009428073309310215, 0.0070471202510034026, 0.006200506172921473
64, 9, 0.011472372286240897, 0.009428073309310215, 0.007584377655887709, 0.006200506172921473
65, 0, 0.010869197551415194, 0.009428073309310215, 0.007160461744140283, 0.006200506172921473
65, 1, 0.010690054023877548, 0.009428073309310215, 0.006972434551449645, 0.006200506172921473
65, 2, 0.010815181616158779, 0.009428073309310215, 0.007037287546365212, 0.006200506172921473
65, 3, 0.011245995262742134, 0.009428073309310215, 0.007422637204808399, 0.006200506172921473
65, 4, 0.010846346130845608, 0.009428073309310215, 0.007137887321922953, 0.006200506172921473
65, 5, 0.011105686789491693, 0.009428073309310215, 0.007324993118300143, 0.006200506172921473
65, 6, 0.011009662231852775, 0.009428073309310215, 0.007259750115513638, 0.006200506172921473
65, 7, 0.010905084229670545, 0.009428073309310215, 0.007181395717719583, 0.006200506172921473
65, 8, 0.010552248096181775, 0.009428073309310215, 0.006918046731999163, 0.006200506172921473
65, 9, 0.011361500350964423, 0.009428073309310215, 0.007502484150962782, 0.006200506172921473
66, 0, 0.01082931191308442, 0.009428073309310215, 0.00712186238682356, 0.006200506172921473
66, 1, 0.010716545735901382, 0.009428073309310215, 0.007033237391260539, 0.006200506172921473
66, 2, 0.010903200647343137, 0.009428073309310215, 0.007112883612227641, 0.006200506172921473
66, 3, 0.011097578542187035, 0.009428073309310215, 0.007319262991082934, 0.006200506172921473
66, 4, 0.010770878547089479, 0.009428073309310215, 0.007082896297093761, 0.006200506172921473
66, 5, 0.011090321674482484, 0.009428073309310215, 0.007327587492047867, 0.006200506172921473
66, 6, 0.01112648779287527, 0.009428073309310215, 0.00734355481174374, 0.006200506172921473
66, 7, 0.010821377150421049, 0.009428073309310215, 0.00712632063352434, 0.006200506172921473
66, 8, 0.010828863693960652, 0.009428073309310215, 0.0071101274870540646, 0.006200506172921473
66, 9, 0.011300139080600622, 0.009428073309310215, 0.0074624420342998795, 0.006200506172921473
67, 0, 0.010812695356884295, 0.009428073309310215, 0.007105804400979243, 0.006200506172921473
67, 1, 0.010761852716684166, 0.009428073309310215, 0.007089526295696841, 0.006200506172921473
67, 2, 0.01084582676016611, 0.009428073309310215, 0.0071028949907812645, 0.006200506172921473
67, 3, 0.01129638112384632, 0.009428073309310215, 0.00745239014624293, 0.006200506172921473
67, 4, 0.010694891649108845, 0.009428073309310215, 0.007028512332785688, 0.006200506172921473
67, 5, 0.011119662247319985, 0.009428073309310215, 0.007360820994073016, 0.006200506172921473
67, 6, 0.011280799331131916, 0.009428073309310215, 0.00745067369554864, 0.006200506172921473
67, 7, 0.010935978659546616, 0.009428073309310215, 0.007209521569559556, 0.006200506172921473
67, 8, 0.010771851983060599, 0.009428073309310215, 0.0070882609771422056, 0.006200506172921473
67, 9, 0.011322801754337291, 0.009428073309310215, 0.007496081579350976, 0.006200506172921473
68, 0, 0.010920092117355163, 0.009428073309310215, 0.007180111794024421, 0.006200506172921473
68, 1, 0.01094028324132057, 0.009428073309310215, 0.00722196244363987, 0.006200506172921473
68, 2, 0.01102735854392828, 0.009428073309310215, 0.007259406955636934, 0.006200506172921473
68, 3, 0.011264500154440022, 0.009428073309310215, 0.007438157673076179, 0.006200506172921473
68, 4, 0.010707117804312036, 0.009428073309310215, 0.007045729300254815, 0.006200506172921473
68, 5, 0.011093067052796212, 0.009428073309310215, 0.007351718583670446, 0.006200506172921473
68, 6, 0.011297798845488457, 0.009428073309310215, 0.007470283111907451, 0.006200506172921473
68, 7, 0.011067325280376447, 0.009428073309310215, 0.007312569161659263, 0.006200506172921473
68, 8, 0.010774853411282752, 0.009428073309310215, 0.007099941576251874, 0.006200506172921473
68, 9, 0.011250327173141356, 0.009428073309310215, 0.007469753486420246, 0.006200506172921473
69, 0, 0.010968370426696341, 0.009428073309310215, 0.007226699406236385, 0.006200506172921473
69, 1, 0.010918118527049228, 0.009428073309310215, 0.007204136752838303, 0.006200506172921473
69, 2, 0.010862322430608112, 0.009428073309310215, 0.007155390668258141, 0.006200506172921473
69, 3, 0.011115425865638087, 0.009428073309310215, 0.007341708761881995, 0.006200506172921473
69, 4, 0.010843109579215752, 0.009428073309310215, 0.007150146519360491, 0.006200506172921473
69, 5, 0.011078195580991369, 0.009428073309310215, 0.007336894288448506, 0.006200506172921473
69, 6, 0.011342906612546002, 0.009428073309310215, 0.007503692071518694, 0.006200506172921473
69, 7, 0.01100834247936593, 0.009428073309310215, 0.007281940847356761, 0.006200506172921473
69, 8, 0.01072592667420718, 0.009428073309310215, 0.007066471062054223, 0.006200506172921473
69, 9, 0.01139305233900851, 0.009428073309310215, 0.007585306879740451, 0.006200506172921473
70, 0, 0.011010910479169985, 0.009428073309310215, 0.007267583023340694, 0.006200506172921473
70, 1, 0.010923307065778834, 0.009428073309310215, 0.007190767482678956, 0.006200506172921473
70, 2, 0.010993458284617572, 0.009428073309310215, 0.0072422966281571735, 0.006200506172921473
70, 3, 0.010877102468279515, 0.009428073309310215, 0.007181807091768179, 0.006200506172921473
70, 4, 0.01070393215253321, 0.009428073309310215, 0.007060218534029106, 0.006200506172921473
70, 5, 0.011009757065279633, 0.009428073309310215, 0.007277723740357347, 0.006200506172921473
70, 6, 0.011192004219848265, 0.009428073309310215, 0.007400776465724609, 0.006200506172921473
70, 7, 0.01092688167106007, 0.009428073309310215, 0.00723064557045314, 0.006200506172921473
70, 8, 0.009836727557217149, 0.009428073309310215, 0.006465037648359054, 0.006200506172921473
70, 9, 0.011441578541363347, 0.009428073309310215, 0.007623678377588477, 0.006200506172921473
71, 0, 0.011109457867541738, 0.009428073309310215, 0.007344095442895107, 0.006200506172921473
71, 1, 0.009573752064037072, 0.009428073309310215, 0.006244255506151764, 0.006200506172921473
71, 2, 0.011094339085976578, 0.009428073309310215, 0.007275229973968181, 0.006200506172921473
71, 3, 0.011016271756312618, 0.009428073309310215, 0.007277225270420385, 0.006200506172921473
71, 4, 0.010885125502204922, 0.009428073309310215, 0.007185357775773147, 0.006200506172921473
71, 5, 0.010979719838272409, 0.009428073309310215, 0.007242548338380922, 0.006200506172921473
71, 6, 0.011096470622263767, 0.009428073309310215, 0.007328080015554682, 0.006200506172921473
71, 7, 0.010963770627675189, 0.009428073309310215, 0.0072528427841392065, 0.006200506172921473
71, 8, 0.011048002713943201, 0.009428073309310215, 0.0072852880295923225, 0.006200506172921473
71, 9, 0.011535403282754044, 0.009428073309310215, 0.007671829697938028, 0.006200506172921473
72, 0, 0.01106514315564368, 0.009428073309310215, 0.007320252457744167, 0.006200506172921473
72, 1, 0.01106514315564368, 0.009428073309310215, 0.007320252457744167, 0.006200506172921473
72, 2, 0.011030596186799432, 0.009428073309310215, 0.007197339601288723, 0.006200506172921473
72, 3, 0.011009582705634052, 0.009428073309310215, 0.007262133488400401, 0.006200506172921473
72, 4, 0.010763553718747541, 0.009428073309310215, 0.007083626699413442, 0.006200506172921473
72, 5, 0.010957709449510107, 0.009428073309310215, 0.007215781273101717, 0.006200506172921473
72, 6, 0.011077674272545367, 0.009428073309310215, 0.007305029612008135, 0.006200506172921473
72, 7, 0.010817354785040695, 0.009428073309310215, 0.0071327730802653215, 0.006200506172921473
72, 8, 0.011223066024144777, 0.009428073309310215, 0.00740581051623192, 0.006200506172921473
72, 9, 0.011344152408982119, 0.009428073309310215, 0.007519252358735158, 0.006200506172921473
73, 0, 0.011195027917512207, 0.009428073309310215, 0.00740024826153433, 0.006200506172921473
73, 1, 0.010941439501156806, 0.009428073309310215, 0.0071368663799133815, 0.006200506172921473
73, 2, 0.010849962964839342, 0.009428073309310215, 0.007051604580719539, 0.006200506172921473
73, 3, 0.010992603877354673, 0.009428073309310215, 0.007238927520209774, 0.006200506172921473
73, 4, 0.01072209001680503, 0.009428073309310215, 0.007037690098821878, 0.006200506172921473
73, 5, 0.011089926282174528, 0.009428073309310215, 0.007304814771017193, 0.006200506172921473
73, 6, 0.011044720116148333, 0.009428073309310215, 0.007277191904533541, 0.006200506172921473
73, 7, 0.01098895363428561, 0.009428073309310215, 0.007229123619960189, 0.006200506172921473
73, 8, 0.011050701914377617, 0.009428073309310215, 0.007288077423950149, 0.006200506172921473
73, 9, 0.011332170676493317, 0.009428073309310215, 0.0074817823255355674, 0.006200506172921473
74, 0, 0.010960696824806514, 0.009428073309310215, 0.007227151565043309, 0.006200506172921473
74, 1, 0.01090428629497905, 0.009428073309310215, 0.007125237690714344, 0.006200506172921473
74, 2, 0.010725772289149284, 0.009428073309310215, 0.006975557762428613, 0.006200506172921473
74, 3, 0.011010892644587312, 0.009428073309310215, 0.007237943676585451, 0.006200506172921473
74, 4, 0.010766672801063852, 0.009428073309310215, 0.007055443724554197, 0.006200506172921473
74, 5, 0.01091476797977077, 0.009428073309310215, 0.007185885683280463, 0.006200506172921473
74, 6, 0.011057858486749743, 0.009428073309310215, 0.0072822270327750896, 0.006200506172921473
74, 7, 0.010789597405793846, 0.009428073309310215, 0.007082852842846713, 0.006200506172921473
74, 8, 0.010862087815057712, 0.009428073309310215, 0.007149885329871434, 0.006200506172921473
74, 9, 0.011273668448945161, 0.009428073309310215, 0.007429826882367058, 0.006200506172921473
75, 0, 0.010932454455116512, 0.009428073309310215, 0.007189855698046283, 0.006200506172921473
75, 1, 0.010948574171083645, 0.009428073309310215, 0.007171442152240645, 0.006200506172921473
75, 2, 0.01079073170998393, 0.009428073309310215, 0.007022278212022591, 0.006200506172921473
75, 3, 0.010118065723761614, 0.009428073309310215, 0.006599209726132062, 0.006200506172921473
75, 4, 0.010874445001504916, 0.009428073309310215, 0.007132760933736199, 0.006200506172921473
75, 5, 0.011020542629058569, 0.009428073309310215, 0.007265989490263824, 0.006200506172921473
75, 6, 0.011231901585559267, 0.009428073309310215, 0.007406187763242546, 0.006200506172921473
75, 7, 0.010909001248408184, 0.009428073309310215, 0.007156752817439125, 0.006200506172921473
75, 8, 0.010896195288133856, 0.009428073309310215, 0.007166406258509522, 0.006200506172921473
75, 9, 0.011225612157468104, 0.009428073309310215, 0.007400827201096076, 0.006200506172921473
76, 0, 0.01104985747945592, 0.009428073309310215, 0.007267236736895179, 0.006200506172921473
76, 1, 0.010996702222839539, 0.009428073309310215, 0.007224011541916934, 0.006200506172921473
76, 2, 0.010819153710158543, 0.009428073309310215, 0.007060410686945898, 0.006200506172921473
76, 3, 0.011586877157776017, 0.009428073309310215, 0.007627852189636175, 0.006200506172921473
76, 4, 0.010940319174926903, 0.009428073309310215, 0.0071858752415865194, 0.006200506172921473
76, 5, 0.011030684396505017, 0.009428073309310215, 0.0072828985111400455, 0.006200506172921473
76, 6, 0.01135785109562564, 0.009428073309310215, 0.007502145813643428, 0.006200506172921473
76, 7, 0.010928662243008392, 0.009428073309310215, 0.007169092793412047, 0.006200506172921473
76, 8, 0.01092829619693623, 0.009428073309310215, 0.007195467889310472, 0.006200506172921473
76, 9, 0.01118420837913254, 0.009428073309310215, 0.007393468791225477, 0.006200506172921473
77, 0, 0.011057969634743411, 0.009428073309310215, 0.007273171884743113, 0.006200506172921473
77, 1, 0.010939032803531179, 0.009428073309310215, 0.007202452010217373, 0.006200506172921473
77, 2, 0.010726288954466154, 0.009428073309310215, 0.007015821123523694, 0.006200506172921473
77, 3, 0.011370384480840897, 0.009428073309310215, 0.007496122578189101, 0.006200506172921473
77, 4, 0.011042087134437016, 0.009428073309310215, 0.007267650203917988, 0.006200506172921473
77, 5, 0.011066937960551486, 0.009428073309310215, 0.007313214525610005, 0.006200506172921473
77, 6, 0.011264999152285125, 0.009428073309310215, 0.007454368442822469, 0.006200506172921473
77, 7, 0.011098193081347822, 0.009428073309310215, 0.007294400774746054, 0.006200506172921473
77, 8, 0.010679928259394254, 0.009428073309310215, 0.007035718313552464, 0.006200506172921473
77, 9, 0.009891946945715454, 0.009428073309310215, 0.0065157036577228565, 0.006200506172921473
78, 0, 0.009079272381475293, 0.009079272381475293, 0.005926013859894015, 0.005926013859894015
78, 1, 0.0108951318377226, 0.009079272381475293, 0.0071841777280023285, 0.005926013859894015
78, 2, 0.011028664855597671, 0.009079272381475293, 0.007234164103874673, 0.005926013859894015
78, 3, 0.011255089903672615, 0.009079272381475293, 0.0074270518360795, 0.005926013859894015
78, 4, 0.010948689331051132, 0.009079272381475293, 0.007221866271040946, 0.005926013859894015
78, 5, 0.010937495345821795, 0.009079272381475293, 0.007233215121858025, 0.005926013859894015
78, 6, 0.011418836210132883, 0.009079272381475293, 0.0075717695873774825, 0.005926013859894015
78, 7, 0.011008681124597694, 0.009079272381475293, 0.0072387760570804234, 0.005926013859894015
78, 8, 0.011004741005925744, 0.009079272381475293, 0.007271383219484045, 0.005926013859894015
78, 9, 0.011250774261199773, 0.009079272381475293, 0.007472285595352213, 0.005926013859894015
79, 0, 0.010955255392843258, 0.009079272381475293, 0.007206560479575837, 0.005926013859894015
79, 1, 0.010919524190896047, 0.009079272381475293, 0.007199737436948535, 0.005926013859894015
79, 2, 0.01106392011270201, 0.009079272381475293, 0.007265787962533625, 0.005926013859894015
79, 3, 0.011013315775807136, 0.009079272381475293, 0.007270330247364167, 0.005926013859894015
79, 4, 0.010772651835687286, 0.009079272381475293, 0.00711335445098046, 0.005926013859894015
79, 5, 0.010838572157923207, 0.009079272381475293, 0.007160976441646803, 0.005926013859894015
79, 6, 0.011141071235558873, 0.009079272381475293, 0.0073681174634120305, 0.005926013859894015
79, 7, 0.011047007890881927, 0.009079272381475293, 0.007266410004905423, 0.005926013859894015
79, 8, 0.011058909655745535, 0.009079272381475293, 0.007312916578380658, 0.005926013859894015
79, 9, 0.011291596757315654, 0.009079272381475293, 0.0075049058879706225, 0.005926013859894015
80, 0, 0.010975375283647983, 0.009079272381475293, 0.007227410354134912, 0.005926013859894015
80, 1, 0.010766280499182755, 0.009079272381475293, 0.007084690221367797, 0.005926013859894015
80, 2, 0.010832737652078135, 0.009079272381475293, 0.007107735748294717, 0.005926013859894015
80, 3, 0.0108531017159067, 0.009079272381475293, 0.007159968655252657, 0.005926013859894015
80, 4, 0.010890445677125337, 0.009079272381475293, 0.00718270479138424, 0.005926013859894015
80, 5, 0.010942695037029925, 0.009079272381475293, 0.007222384675290547, 0.005926013859894015
80, 6, 0.011016333175285458, 0.009079272381475293, 0.007264321458944442, 0.005926013859894015
80, 7, 0.010747376806964378, 0.009079272381475293, 0.0070699456140496724, 0.005926013859894015
80, 8, 0.01122892660344783, 0.009079272381475293, 0.007426901242271379, 0.005926013859894015
80, 9, 0.01119638928421112, 0.009079272381475293, 0.007440226177429115, 0.005926013859894015
81, 0, 0.010876449211577072, 0.009079272381475293, 0.007159108662605823, 0.005926013859894015
81, 1, 0.010783357010866818, 0.009079272381475293, 0.007082615782604153, 0.005926013859894015
81, 2, 0.010782623567220852, 0.009079272381475293, 0.007057816432948646, 0.005926013859894015
81, 3, 0.011039995074994076, 0.009079272381475293, 0.007281698049540287, 0.005926013859894015
81, 4, 0.010905010709753502, 0.009079272381475293, 0.0071813109404445415, 0.005926013859894015
81, 5, 0.011037443970040105, 0.009079272381475293, 0.007277876275874292, 0.005926013859894015
81, 6, 0.011158281562485817, 0.009079272381475293, 0.007315936879643529, 0.005926013859894015
81, 7, 0.010827539789640229, 0.009079272381475293, 0.007126879998610822, 0.005926013859894015
81, 8, 0.011142131875175359, 0.009079272381475293, 0.007360978827342736, 0.005926013859894015
81, 9, 0.010911042777629937, 0.009079272381475293, 0.0072241667324185145, 0.005926013859894015
82, 0, 0.010955158021437022, 0.009079272381475293, 0.007204060917178994, 0.005926013859894015
82, 1, 0.010774270665804914, 0.009079272381475293, 0.007055727451734027, 0.005926013859894015
82, 2, 0.010827130724105512, 0.009079272381475293, 0.007072906485536895, 0.005926013859894015
82, 3, 0.010995154834951, 0.009079272381475293, 0.007242899489854834, 0.005926013859894015
82, 4, 0.010995154834951, 0.009079272381475293, 0.007242899489854834, 0.005926013859894015
82, 5, 0.011146159429960594, 0.009079272381475293, 0.007341728569864286, 0.005926013859894015
82, 6, 0.011392378682089647, 0.009079272381475293, 0.007458045260218423, 0.005926013859894015
82, 7, 0.011047999947675314, 0.009079272381475293, 0.007267652672308659, 0.005926013859894015
82, 8, 0.011201101420626691, 0.009079272381475293, 0.00739007428491635, 0.005926013859894015
82, 9, 0.010984816444290705, 0.009079272381475293, 0.0072520557799289715, 0.005926013859894015
83, 0, 0.010899122821679586, 0.009079272381475293, 0.007166446616748783, 0.005926013859894015
83, 1, 0.010921139056276166, 0.009079272381475293, 0.007148616648179034, 0.005926013859894015
83, 2, 0.010700579220653634, 0.009079272381475293, 0.006977583979803906, 0.005926013859894015
83, 3, 0.0110170803091112, 0.009079272381475293, 0.0072563836385363305, 0.005926013859894015
83, 4, 0.010656995409702124, 0.009079272381475293, 0.006988239991371784, 0.005926013859894015
83, 5, 0.011072730344501411, 0.009079272381475293, 0.007286479385799199, 0.005926013859894015
83, 6, 0.011174112119701754, 0.009079272381475293, 0.007333024191687562, 0.005926013859894015
83, 7, 0.011281209717731389, 0.009079272381475293, 0.007385465277750806, 0.005926013859894015
83, 8, 0.010916611585528566, 0.009079272381475293, 0.007181147164319101, 0.005926013859894015
83, 9, 0.011152472499391315, 0.009079272381475293, 0.007347888723596937, 0.005926013859894015
84, 0, 0.010784425926063618, 0.009079272381475293, 0.007084287187841445, 0.005926013859894015
84, 1, 0.01110704608988154, 0.009079272381475293, 0.007271661795156689, 0.005926013859894015
84, 2, 0.010747730028139009, 0.009079272381475293, 0.007007918498927598, 0.005926013859894015
84, 3, 0.011346208250163225, 0.009079272381475293, 0.0074741932671221175, 0.005926013859894015
84, 4, 0.010781539251460125, 0.009079272381475293, 0.007061565685920724, 0.005926013859894015
84, 5, 0.011056379572287417, 0.009079272381475293, 0.007274617238814088, 0.005926013859894015
84, 6, 0.011303020994370605, 0.009079272381475293, 0.007435617958237357, 0.005926013859894015
84, 7, 0.011184026938472607, 0.009079272381475293, 0.007332695512664505, 0.005926013859894015
84, 8, 0.010851217781780111, 0.009079272381475293, 0.007125250337495825, 0.005926013859894015
84, 9, 0.011069547922960835, 0.009079272381475293, 0.007280997817961157, 0.005926013859894015
85, 0, 0.010964376438721234, 0.009079272381475293, 0.00720400296241579, 0.005926013859894015
85, 1, 0.011096863351425375, 0.009079272381475293, 0.0072690999994908965, 0.005926013859894015
85, 2, 0.01072482227922104, 0.009079272381475293, 0.006994745635819948, 0.005926013859894015
85, 3, 0.01132984177582782, 0.009079272381475293, 0.0074550469104452165, 0.005926013859894015
85, 4, 0.01074473756625994, 0.009079272381475293, 0.00702678553849223, 0.005926013859894015
85, 5, 0.011035118685628552, 0.009079272381475293, 0.007268293695051918, 0.005926013859894015
85, 6, 0.011347266938242197, 0.009079272381475293, 0.00748306229079338, 0.005926013859894015
85, 7, 0.010851872952028932, 0.009079272381475293, 0.007120975576651946, 0.005926013859894015
85, 8, 0.010923955808965576, 0.009079272381475293, 0.007169926957273541, 0.005926013859894015
85, 9, 0.011185742242005251, 0.009079272381475293, 0.007363327621116624, 0.005926013859894015
86, 0, 0.010939501835695581, 0.009079272381475293, 0.00719411276740672, 0.005926013859894015
86, 1, 0.011050498705288524, 0.009079272381475293, 0.007244363266327682, 0.005926013859894015
86, 2, 0.010755970164984524, 0.009079272381475293, 0.007023277972228574, 0.005926013859894015
86, 3, 0.011342564389480576, 0.009079272381475293, 0.007459577014248171, 0.005926013859894015
86, 4, 0.010851173999170523, 0.009079272381475293, 0.007095819599029391, 0.005926013859894015
86, 5, 0.010865982690800286, 0.009079272381475293, 0.007159854871545863, 0.005926013859894015
86, 6, 0.01122947350002483, 0.009079272381475293, 0.007410017869491745, 0.005926013859894015
86, 7, 0.010993597372180006, 0.009079272381475293, 0.0072093064067318136, 0.005926013859894015
86, 8, 0.011098516096163673, 0.009079272381475293, 0.007309861026889631, 0.005926013859894015
86, 9, 0.0113551647654997, 0.009079272381475293, 0.007486032237906737, 0.005926013859894015
87, 0, 0.010109607665602916, 0.009079272381475293, 0.0066415653815148, 0.005926013859894015
87, 1, 0.010900209038838682, 0.009079272381475293, 0.0071523432958849505, 0.005926013859894015
87, 2, 0.010785111758173071, 0.009079272381475293, 0.007058873264511791, 0.005926013859894015
87, 3, 0.011293218815574253, 0.009079272381475293, 0.007439690341529626, 0.005926013859894015
87, 4, 0.010834422340298371, 0.009079272381475293, 0.007097433720247706, 0.005926013859894015
87, 5, 0.01089339441494878, 0.009079272381475293, 0.007185351832784281, 0.005926013859894015
87, 6, 0.01140346452616841, 0.009079272381475293, 0.007536786508778961, 0.005926013859894015
87, 7, 0.010945772497219232, 0.009079272381475293, 0.00717503018413394, 0.005926013859894015
87, 8, 0.011131109338872538, 0.009079272381475293, 0.007331770556921091, 0.005926013859894015
87, 9, 0.01131197000325478, 0.009079272381475293, 0.0074766963363095415, 0.005926013859894015
88, 0, 0.011006209738157694, 0.009079272381475293, 0.007243204296485335, 0.005926013859894015
88, 1, 0.011006209738157694, 0.009079272381475293, 0.007243204296485335, 0.005926013859894015
88, 2, 0.010634070692095722, 0.009079272381475293, 0.006971047229107409, 0.005926013859894015
88, 3, 0.01121247900707321, 0.009079272381475293, 0.007399357744514099, 0.005926013859894015
88, 4, 0.01082388352985199, 0.009079272381475293, 0.007099053352447357, 0.005926013859894015
88, 5, 0.010846821348227, 0.009079272381475293, 0.007156540679749422, 0.005926013859894015
88, 6, 0.01130789189610214, 0.009079272381475293, 0.007477280295816146, 0.005926013859894015
88, 7, 0.010987510075129311, 0.009079272381475293, 0.007212757722568293, 0.005926013859894015
88, 8, 0.010987510075129311, 0.009079272381475293, 0.007212757722568293, 0.005926013859894015
88, 9, 0.011363372579393285, 0.009079272381475293, 0.007542629605833802, 0.005926013859894015
89, 0, 0.010993668259557438, 0.009079272381475293, 0.0072320714924439, 0.005926013859894015
89, 1, 0.01075706258376152, 0.009079272381475293, 0.007061889773130756, 0.005926013859894015
89, 2, 0.010817162073713813, 0.009079272381475293, 0.007107313477437766, 0.005926013859894015
89, 3, 0.011093047138599954, 0.009079272381475293, 0.00732842857946111, 0.005926013859894015
89, 4, 0.010693992673007777, 0.009079272381475293, 0.007023257489799251, 0.005926013859894015
89, 5, 0.010802454133046436, 0.009079272381475293, 0.007127363102872402, 0.005926013859894015
89, 6, 0.011015349067987807, 0.009079272381475293, 0.00727510417599574, 0.005926013859894015
89, 7, 0.01095570936697752, 0.009079272381475293, 0.007211204568283329, 0.005926013859894015
89, 8, 0.010906974061184373, 0.009079272381475293, 0.007194019144612909, 0.005926013859894015
89, 9, 0.01106813752572667, 0.009079272381475293, 0.0073551279303373735, 0.005926013859894015
90, 0, 0.010987263358404107, 0.009079272381475293, 0.007227002159946844, 0.005926013859894015
90, 1, 0.010926569043969632, 0.009079272381475293, 0.00717056138772132, 0.005926013859894015
90, 2, 0.010849235195874423, 0.009079272381475293, 0.0071330605326628905, 0.005926013859894015
90, 3, 0.011082449134032755, 0.009079272381475293, 0.007322300157352131, 0.005926013859894015
90, 4, 0.010853547297565986, 0.009079272381475293, 0.007140576861639442, 0.005926013859894015
90, 5, 0.010951451692436097, 0.009079272381475293, 0.007224296914991465, 0.005926013859894015
90, 6, 0.01109244467200635, 0.009079272381475293, 0.007322509689259247, 0.005926013859894015
90, 7, 0.0109619192840839, 0.009079272381475293, 0.007231600552222471, 0.005926013859894015
90, 8, 0.011060032958868964, 0.009079272381475293, 0.007311389552412267, 0.005926013859894015
90, 9, 0.011130427852784288, 0.009079272381475293, 0.0073927669561158205, 0.005926013859894015
91, 0, 0.011062080176949941, 0.009079272381475293, 0.007276216426575333, 0.005926013859894015
91, 1, 0.01144337247265666, 0.009079272381475293, 0.0074654483925799655, 0.005926013859894015
91, 2, 0.010808361426686926, 0.009079272381475293, 0.007113621721542674, 0.005926013859894015
91, 3, 0.011051670976271175, 0.009079272381475293, 0.007299664339299894, 0.005926013859894015
91, 4, 0.010717657409780326, 0.009079272381475293, 0.0070504399974211955, 0.005926013859894015
91, 5, 0.01103852347175476, 0.009079272381475293, 0.007278591353957142, 0.005926013859894015
91, 6, 0.011055459696692482, 0.009079272381475293, 0.007283513498413204, 0.005926013859894015
91, 7, 0.010901253384860447, 0.009079272381475293, 0.007194542180260572, 0.005926013859894015
91, 8, 0.011180754307573133, 0.009079272381475293, 0.007397269881724515, 0.005926013859894015
91, 9, 0.011040511861932237, 0.009079272381475293, 0.007310237918651691, 0.005926013859894015
92, 0, 0.01097367733389144, 0.009079272381475293, 0.0072176640707687445, 0.005926013859894015
92, 1, 0.011018265539240355, 0.009079272381475293, 0.007200068553120174, 0.005926013859894015
92, 2, 0.010858145852924132, 0.009079272381475293, 0.007146600103837393, 0.005926013859894015
92, 3, 0.011135322683124373, 0.009079272381475293, 0.0073560959327721364, 0.005926013859894015
92, 4, 0.01097438384042255, 0.009079272381475293, 0.007221604478402726, 0.005926013859894015
92, 5, 0.010981227443417165, 0.009079272381475293, 0.007235060413530065, 0.005926013859894015
92, 6, 0.011013084424495532, 0.009079272381475293, 0.007241143952272559, 0.005926013859894015
92, 7, 0.010998449127327337, 0.009079272381475293, 0.007245158594070283, 0.005926013859894015
92, 8, 0.011292652543959567, 0.009079272381475293, 0.007474798559259237, 0.005926013859894015
92, 9, 0.01092542468454276, 0.009079272381475293, 0.007214065812563582, 0.005926013859894015
93, 0, 0.011054639330296897, 0.009079272381475293, 0.007271747636846804, 0.005926013859894015
93, 1, 0.011054639330296897, 0.009079272381475293, 0.007271747636846804, 0.005926013859894015
93, 2, 0.010885853931848082, 0.009079272381475293, 0.007153195584243628, 0.005926013859894015
93, 3, 0.011322008488638303, 0.009079272381475293, 0.007478003789448692, 0.005926013859894015
93, 4, 0.010972411907888798, 0.009079272381475293, 0.007206743337288129, 0.005926013859894015
93, 5, 0.010972411907888798, 0.009079272381475293, 0.007206743337288129, 0.005926013859894015
93, 6, 0.011191376159497321, 0.009079272381475293, 0.007353105977429664, 0.005926013859894015
93, 7, 0.0109331060574922, 0.009079272381475293, 0.007184160167157055, 0.005926013859894015
93, 8, 0.011189800637563762, 0.009079272381475293, 0.007396412969897689, 0.005926013859894015
93, 9, 0.01106694569433671, 0.009079272381475293, 0.0072910776490653405, 0.005926013859894015
94, 0, 0.010988272673385924, 0.009079272381475293, 0.007225093877052236, 0.005926013859894015
94, 1, 0.011018560129519274, 0.009079272381475293, 0.007220174241177337, 0.005926013859894015
94, 2, 0.011018560129519274, 0.009079272381475293, 0.007220174241177337, 0.005926013859894015
94, 3, 0.011214146992371813, 0.009079272381475293, 0.007397858580205116, 0.005926013859894015
94, 4, 0.010912921540354555, 0.009079272381475293, 0.00716255774093041, 0.005926013859894015
94, 5, 0.011078576996027916, 0.009079272381475293, 0.007297786846813686, 0.005926013859894015
94, 6, 0.011371885620132395, 0.009079272381475293, 0.0074810921525092925, 0.005926013859894015
94, 7, 0.010914507693216852, 0.009079272381475293, 0.007155580812362626, 0.005926013859894015
94, 8, 0.010980159149334033, 0.009079272381475293, 0.007238858953984923, 0.005926013859894015
94, 9, 0.011251307789344443, 0.009079272381475293, 0.0074131341136733295, 0.005926013859894015
95, 0, 0.011109885113462906, 0.009079272381475293, 0.00730840325766349, 0.005926013859894015
95, 1, 0.011064108493247125, 0.009079272381475293, 0.007271820886289688, 0.005926013859894015
95, 2, 0.010706087706510487, 0.009079272381475293, 0.007002491646374713, 0.005926013859894015
95, 3, 0.011485851975606282, 0.009079272381475293, 0.007574748250185404, 0.005926013859894015
95, 4, 0.01106566875664649, 0.009079272381475293, 0.0072776924810942605, 0.005926013859894015
95, 5, 0.010981647137241346, 0.009079272381475293, 0.007237619530124431, 0.005926013859894015
95, 6, 0.011360105760829702, 0.009079272381475293, 0.007482666300491488, 0.005926013859894015
95, 7, 0.011023945116385343, 0.009079272381475293, 0.007222352163268823, 0.005926013859894015
95, 8, 0.011023945116385343, 0.009079272381475293, 0.007222352163268823, 0.005926013859894015
95, 9, 0.010793260459815194, 0.009079272381475293, 0.007098480386631793, 0.005926013859894015
96, 0, 0.011101957313912905, 0.009079272381475293, 0.0073041250581838656, 0.005926013859894015
96, 1, 0.011068908565244544, 0.009079272381475293, 0.007292200719174766, 0.005926013859894015
96, 2, 0.01075725130170117, 0.009079272381475293, 0.007032159349188026, 0.005926013859894015
96, 3, 0.0115147568188416, 0.009079272381475293, 0.0075848795735590805, 0.005926013859894015
96, 4, 0.010965701361352309, 0.009079272381475293, 0.00720577030696093, 0.005926013859894015
96, 5, 0.01081658709310883, 0.009079272381475293, 0.007130140556016326, 0.005926013859894015
96, 6, 0.011380872081309027, 0.009079272381475293, 0.007508399477788942, 0.005926013859894015
96, 7, 0.011040289312637471, 0.009079272381475293, 0.0072312683130114, 0.005926013859894015
96, 8, 0.010797389113630831, 0.009079272381475293, 0.007101189397038962, 0.005926013859894015
96, 9, 0.011398300880156262, 0.009079272381475293, 0.007545475274557931, 0.005926013859894015
97, 0, 0.011050712514957118, 0.009079272381475293, 0.007274996922664808, 0.005926013859894015
97, 1, 0.010956396751578142, 0.009079272381475293, 0.007220853380246534, 0.005926013859894015
97, 2, 0.010894811546941276, 0.009079272381475293, 0.00713618798469226, 0.005926013859894015
97, 3, 0.011521617733285854, 0.009079272381475293, 0.007587835824298835, 0.005926013859894015
97, 4, 0.01084608130492961, 0.009079272381475293, 0.007116840041928239, 0.005926013859894015
97, 5, 0.0108445472287668, 0.009079272381475293, 0.0071617580181212595, 0.005926013859894015
97, 6, 0.011185160482823982, 0.009079272381475293, 0.0073849752265518105, 0.005926013859894015
97, 7, 0.011043793831706448, 0.009079272381475293, 0.007253563566550161, 0.005926013859894015
97, 8, 0.010978662127901615, 0.009079272381475293, 0.007230000507417073, 0.005926013859894015
97, 9, 0.011319512690840907, 0.009079272381475293, 0.007498976787441453, 0.005926013859894015
98, 0, 0.011063997973649691, 0.009079272381475293, 0.00728635029227443, 0.005926013859894015
98, 1, 0.011001817828086959, 0.009079272381475293, 0.007264929126767683, 0.005926013859894015
98, 2, 0.010870617379952442, 0.009079272381475293, 0.007141808089443212, 0.005926013859894015
98, 3, 0.01120058659088377, 0.009079272381475293, 0.0073725279955535695, 0.005926013859894015
98, 4, 0.010739282990283653, 0.009079272381475293, 0.007053862017352783, 0.005926013859894015
98, 5, 0.01073773166968151, 0.009079272381475293, 0.007100231270478483, 0.005926013859894015
98, 6, 0.011215691037962258, 0.009079272381475293, 0.007409014771990611, 0.005926013859894015
98, 7, 0.010906870342204217, 0.009079272381475293, 0.007171261957570469, 0.005926013859894015
98, 8, 0.010856614224354067, 0.009079272381475293, 0.007133106745516587, 0.005926013859894015
98, 9, 0.0113855868576675, 0.009079272381475293, 0.007544521527850998, 0.005926013859894015
99, 0, 0.010891563354939477, 0.009079272381475293, 0.007165403677946082, 0.005926013859894015
99, 1, 0.011219821537698575, 0.009079272381475293, 0.007398264694095238, 0.005926013859894015
99, 2, 0.011440870824635933, 0.009079272381475293, 0.007567979715535188, 0.005926013859894015
99, 3, 0.01119630408352079, 0.009079272381475293, 0.00737475324595357, 0.005926013859894015
99, 4, 0.010867331880989204, 0.009079272381475293, 0.007134680366869368, 0.005926013859894015
99, 5, 0.010738301866461327, 0.009079272381475293, 0.0071040890327490015, 0.005926013859894015
99, 6, 0.011114611030356276, 0.009079272381475293, 0.007337110657418592, 0.005926013859894015
99, 7, 0.010820863428229743, 0.009079272381475293, 0.007128431777725145, 0.005926013859894015
99, 8, 0.010797443816646452, 0.009079272381475293, 0.0070973742868125885, 0.005926013859894015
99, 9, 0.011152301450463835, 0.009079272381475293, 0.0073835792962604506, 0.005926013859894015
