-1, 0.08770641766947364, 0.08770641766947364, 0.05722208245717325, 0.05722208245717325
1, 0.3752290800825088, 0.08770641766947364, 0.24752264494828458, 0.05722208245717325
2, 0.42999894551378703, 0.08770641766947364, 0.2833820672531531, 0.05722208245717325
3, 0.47874519004193045, 0.08770641766947364, 0.3154507224706503, 0.05722208245717325
4, 0.3728770942863046, 0.08770641766947364, 0.2460883668493693, 0.05722208245717325
5, 0.3855017779777083, 0.08770641766947364, 0.2543820578332268, 0.05722208245717325
6, 0.46900633352569787, 0.08770641766947364, 0.30901410687424585, 0.05722208245717325
7, 0.09385928237710643, 0.08770641766947364, 0.061407973045877425, 0.05722208245717325
8, 0.016630315741064182, 0.016630315741064182, 0.01155233159582257, 0.01155233159582257
9, 0.334740457020663, 0.016630315741064182, 0.22008716868865585, 0.01155233159582257
10, 0.019038913723414146, 0.016630315741064182, 0.01287493649743992, 0.01155233159582257
11, 0.44665954057813595, 0.016630315741064182, 0.29425537608534974, 0.01155233159582257
12, 0.01869584950580868, 0.016630315741064182, 0.013001276133772272, 0.01155233159582257
13, 0.014875899089739684, 0.014875899089739684, 0.010019961676921823, 0.010019961676921823
14, 0.4353636627248726, 0.014875899089739684, 0.2868943912187168, 0.010019961676921823
15, 0.016662172544045194, 0.014875899089739684, 0.011523186885389664, 0.010019961676921823
16, 0.02848823431880876, 0.014875899089739684, 0.018730936855891795, 0.010019961676921823
17, 0.013774916878889348, 0.013774916878889348, 0.009388443031592758, 0.009388443031592758
18, 0.013852350048890238, 0.013774916878889348, 0.008826939368253411, 0.009388443031592758
19, 0.016839170985641555, 0.013774916878889348, 0.011763072409744493, 0.009388443031592758
20, 0.023929152405001954, 0.013774916878889348, 0.015126410418800867, 0.009388443031592758
21, 0.02278463132866808, 0.013774916878889348, 0.014681831792363422, 0.009388443031592758
22, 0.013070681399577738, 0.013070681399577738, 0.00869081189181993, 0.00869081189181993
23, 0.18114961478259797, 0.013070681399577738, 0.11878387628564085, 0.00869081189181993
24, 0.29909360041497096, 0.013070681399577738, 0.19665707755831088, 0.00869081189181993
25, 0.018517934186577482, 0.013070681399577738, 0.012867396179132642, 0.00869081189181993
26, 0.017487012126694942, 0.013070681399577738, 0.012146711498470047, 0.00869081189181993
27, 0.14714069513398925, 0.013070681399577738, 0.09683179560062893, 0.00869081189181993
28, 0.017356361308736246, 0.013070681399577738, 0.011877355708995944, 0.00869081189181993
29, 0.01430072217988317, 0.013070681399577738, 0.009695299743396437, 0.00869081189181993
30, 0.033041822154757, 0.013070681399577738, 0.023094067640765537, 0.00869081189181993
31, 0.28913434640631797, 0.013070681399577738, 0.1902519266564742, 0.00869081189181993
32, 0.023673964283696454, 0.013070681399577738, 0.01652179593998253, 0.00869081189181993
33, 0.012861550562644233, 0.012861550562644233, 0.008271433979339481, 0.008271433979339481
34, 0.0459626827347312, 0.012861550562644233, 0.029697424308455265, 0.008271433979339481
35, 0.01780622006582048, 0.012861550562644233, 0.0117112120451707, 0.008271433979339481
36, 0.4678526864262734, 0.012861550562644233, 0.3082235126845462, 0.008271433979339481
37, 0.34085951523931396, 0.012861550562644233, 0.22442075740691683, 0.008271433979339481
38, 0.4377711040340827, 0.012861550562644233, 0.28852121055761076, 0.008271433979339481
39, 0.10306044643582905, 0.012861550562644233, 0.06734366083704912, 0.008271433979339481
40, 0.11460350886842596, 0.012861550562644233, 0.07487783415426912, 0.008271433979339481
41, 0.050203923734797026, 0.012861550562644233, 0.032730205506844155, 0.008271433979339481
42, 0.71265207131007, 0.012861550562644233, 0.4723044455235421, 0.008271433979339481
43, 0.030769471519155173, 0.012861550562644233, 0.02149378225418236, 0.008271433979339481
44, 0.2916764623215638, 0.012861550562644233, 0.1921438947289372, 0.008271433979339481
45, 0.07246779971030859, 0.012861550562644233, 0.04729359438166675, 0.008271433979339481
46, 0.01271822948371434, 0.01271822948371434, 0.008109891353877286, 0.008109891353877286
47, 0.36014538256484213, 0.01271822948371434, 0.23772813021881858, 0.008109891353877286
48, 0.022824884016602227, 0.01271822948371434, 0.01600132307435752, 0.008109891353877286
49, 0.3713995598789561, 0.01271822948371434, 0.2451471892956072, 0.008109891353877286
50, 0.3831225398797611, 0.01271822948371434, 0.25274240309352264, 0.008109891353877286
51, 0.32909279129017815, 0.01271822948371434, 0.21688869575286293, 0.008109891353877286
52, 0.01434558236130038, 0.01271822948371434, 0.009236091812338395, 0.008109891353877286
53, 0.3431298764556262, 0.01271822948371434, 0.22632116784293663, 0.008109891353877286
54, 0.3881613337616542, 0.01271822948371434, 0.25616534532576557, 0.008109891353877286
55, 0.016925462985544888, 0.01271822948371434, 0.010983992032352195, 0.008109891353877286
56, 0.24878606443737084, 0.01271822948371434, 0.16390688709493975, 0.008109891353877286
57, 0.03102781924826565, 0.01271822948371434, 0.02174803711511261, 0.008109891353877286
58, 0.015369331765595825, 0.01271822948371434, 0.010604409793572895, 0.008109891353877286
59, 0.36748044594357193, 0.01271822948371434, 0.24256417900547764, 0.008109891353877286
60, 0.030409146016592704, 0.01271822948371434, 0.02129863022954072, 0.008109891353877286
61, 0.01668336527030499, 0.01271822948371434, 0.011499068104195006, 0.008109891353877286
62, 0.025373696240470516, 0.01271822948371434, 0.016258325500536058, 0.008109891353877286
63, 0.019527194334831507, 0.01271822948371434, 0.013057195740983503, 0.008109891353877286
64, 0.07558383404699308, 0.01271822948371434, 0.04907226347251742, 0.008109891353877286
65, 0.37475488719760197, 0.01271822948371434, 0.24732171566508152, 0.008109891353877286
66, 0.027478518001192227, 0.01271822948371434, 0.017538143230603796, 0.008109891353877286
67, 0.012961135077739657, 0.01271822948371434, 0.008402317418124748, 0.008109891353877286
68, 0.014338716152095046, 0.01271822948371434, 0.009777900200377857, 0.008109891353877286
69, 0.4089632776283749, 0.01271822948371434, 0.2696930019875102, 0.008109891353877286
70, 0.4582457512954619, 0.01271822948371434, 0.3019217591122338, 0.008109891353877286
71, 0.42436848074954775, 0.01271822948371434, 0.27980138247270353, 0.008109891353877286
72, 0.0152325510738371, 0.01271822948371434, 0.010473455597079162, 0.008109891353877286
73, 0.38101164630051915, 0.01271822948371434, 0.2513940856586283, 0.008109891353877286
74, 0.013228301197691026, 0.01271822948371434, 0.009057770116059804, 0.008109891353877286
75, 0.016073359932002224, 0.01271822948371434, 0.010851347643816405, 0.008109891353877286
76, 0.3956723745110833, 0.01271822948371434, 0.26106896220071657, 0.008109891353877286
77, 0.4336647555317659, 0.01271822948371434, 0.2855027550179535, 0.008109891353877286
78, 0.013289907223771937, 0.01271822948371434, 0.008671985288198703, 0.008109891353877286
79, 0.026331087384222265, 0.01271822948371434, 0.017152782392761246, 0.008109891353877286
80, 0.38682233676578914, 0.01271822948371434, 0.25518935584319846, 0.008109891353877286
81, 0.013028676337297063, 0.01271822948371434, 0.008541117173302174, 0.008109891353877286
82, 0.46530291053318906, 0.01271822948371434, 0.3064359483297422, 0.008109891353877286
83, 0.02672668395609398, 0.01271822948371434, 0.018717954545462236, 0.008109891353877286
84, 0.03141761435609522, 0.01271822948371434, 0.021966195963318575, 0.008109891353877286
85, 0.013844180396945389, 0.01271822948371434, 0.009205396391790268, 0.008109891353877286
86, 0.35730606330481024, 0.01271822948371434, 0.23587948721888177, 0.008109891353877286
87, 0.08712337550144326, 0.01271822948371434, 0.05679612453337075, 0.008109891353877286
88, 0.40217663826326816, 0.01271822948371434, 0.26515554351903037, 0.008109891353877286
89, 0.023878405424692845, 0.01271822948371434, 0.016654132019910575, 0.008109891353877286
90, 0.46533625007580565, 0.01271822948371434, 0.30661834386117065, 0.008109891353877286
91, 0.4646554538840908, 0.01271822948371434, 0.30613054305430865, 0.008109891353877286
92, 0.45580880790769923, 0.01271822948371434, 0.30034173945615067, 0.008109891353877286
93, 0.37518461059424896, 0.01271822948371434, 0.24757045247185946, 0.008109891353877286
94, 0.38773560766528464, 0.01271822948371434, 0.25583228828967164, 0.008109891353877286
95, 0.36672950634695095, 0.01271822948371434, 0.24208874560294313, 0.008109891353877286
96, 0.40591133179555483, 0.01271822948371434, 0.2677364435086646, 0.008109891353877286
97, 0.431807108580448, 0.01271822948371434, 0.28462709961923216, 0.008109891353877286
98, 0.030415584428627702, 0.01271822948371434, 0.019622220152301712, 0.008109891353877286
99, 0.3734557202434556, 0.01271822948371434, 0.24645455992926682, 0.008109891353877286
100, 0.4487335726488575, 0.01271822948371434, 0.29575562307915076, 0.008109891353877286
101, 0.02352396034902671, 0.01271822948371434, 0.01648265609234101, 0.008109891353877286
102, 0.36566956869577794, 0.01271822948371434, 0.2414399780781021, 0.008109891353877286
103, 0.011978191652184207, 0.011978191652184207, 0.007712134712441238, 0.007712134712441238
104, 0.4081831730543141, 0.011978191652184207, 0.26909640864398704, 0.007712134712441238
105, 0.42086158932936246, 0.011978191652184207, 0.27745867785591277, 0.007712134712441238
106, 0.40201936649520464, 0.011978191652184207, 0.26505477178705766, 0.007712134712441238
107, 0.012410405591530109, 0.011978191652184207, 0.008441305330388888, 0.007712134712441238
108, 0.4081882594271722, 0.011978191652184207, 0.2691833628136725, 0.007712134712441238
109, 0.012434182605166804, 0.011978191652184207, 0.008199883077270495, 0.007712134712441238
110, 0.31732283861010324, 0.011978191652184207, 0.20892934472503566, 0.007712134712441238
111, 0.48272937925921583, 0.011978191652184207, 0.3179751868526849, 0.007712134712441238
112, 0.2100562846889352, 0.011978191652184207, 0.13765061545135296, 0.007712134712441238
113, 0.031835694170721685, 0.011978191652184207, 0.02093598316279613, 0.007712134712441238
114, 0.016095737490855386, 0.011978191652184207, 0.010866694583521472, 0.007712134712441238
115, 0.013474547581024657, 0.011978191652184207, 0.008668566673437668, 0.007712134712441238
116, 0.012723112627939109, 0.011978191652184207, 0.008632529032351758, 0.007712134712441238
117, 0.42191695410196195, 0.011978191652184207, 0.2782381108018323, 0.007712134712441238
118, 0.39806669970348435, 0.011978191652184207, 0.2626092562330951, 0.007712134712441238
119, 0.43345533637581307, 0.011978191652184207, 0.2856366692216626, 0.007712134712441238
120, 0.03698370867454147, 0.011978191652184207, 0.02583242127494974, 0.007712134712441238
121, 0.029770611548145053, 0.011978191652184207, 0.02083996871927542, 0.007712134712441238
122, 0.030204827891234444, 0.011978191652184207, 0.021124608768746476, 0.007712134712441238
123, 0.2964917319583223, 0.011978191652184207, 0.19520765334784998, 0.007712134712441238
124, 0.03086139456191542, 0.011978191652184207, 0.019779989671805207, 0.007712134712441238
125, 0.01691039495574917, 0.011978191652184207, 0.011649474088980899, 0.007712134712441238
126, 0.4283756226377568, 0.011978191652184207, 0.2822531717450862, 0.007712134712441238
127, 0.05562261032054225, 0.011978191652184207, 0.03622105787358291, 0.007712134712441238
128, 0.34933103054981873, 0.011978191652184207, 0.23071738940933142, 0.007712134712441238
129, 0.42576627605202383, 0.011978191652184207, 0.2807406194615728, 0.007712134712441238
130, 0.38680325442399105, 0.011978191652184207, 0.2550177280405255, 0.007712134712441238
131, 0.37516073852616133, 0.011978191652184207, 0.24757125260681948, 0.007712134712441238
132, 0.36295387017444974, 0.011978191652184207, 0.23962267804060455, 0.007712134712441238
133, 0.35213421017220103, 0.011978191652184207, 0.23248058957562748, 0.007712134712441238
134, 0.011636597373492263, 0.011636597373492263, 0.007371393947594669, 0.007371393947594669
135, 0.46172531806978684, 0.011636597373492263, 0.30422830784823934, 0.007371393947594669
136, 0.4150128389797539, 0.011636597373492263, 0.273704550734916, 0.007371393947594669
137, 0.4010023056958598, 0.011636597373492263, 0.26450185203682985, 0.007371393947594669
138, 0.013849601908238092, 0.011636597373492263, 0.009054835819350944, 0.007371393947594669
139, 0.010776686186054938, 0.010776686186054938, 0.007100706152237989, 0.007100706152237989
140, 0.03233812327388046, 0.010776686186054938, 0.022518060615013376, 0.007100706152237989
141, 0.45136755599467776, 0.010776686186054938, 0.29737407528414755, 0.007100706152237989
142, 0.012238375716143321, 0.010776686186054938, 0.007977131938872034, 0.007100706152237989
143, 0.06063929241220265, 0.010776686186054938, 0.03978964658995667, 0.007100706152237989
144, 0.015777367867788453, 0.010776686186054938, 0.009904299473561966, 0.007100706152237989
145, 0.02163304720297597, 0.010776686186054938, 0.014208692287097676, 0.007100706152237989
146, 0.3880700063822323, 0.010776686186054938, 0.2560377914851069, 0.007100706152237989
147, 0.34861507624197835, 0.010776686186054938, 0.2299519084415728, 0.007100706152237989
148, 0.01882494681211494, 0.010776686186054938, 0.012048448984898942, 0.007100706152237989
149, 0.33105566872435593, 0.010776686186054938, 0.21789260023582835, 0.007100706152237989
150, 0.02364504644074629, 0.010776686186054938, 0.01658587156580886, 0.007100706152237989
151, 0.7016309949854052, 0.010776686186054938, 0.46489372158786707, 0.007100706152237989
152, 0.44515356734920614, 0.010776686186054938, 0.29335094643277926, 0.007100706152237989
153, 0.43758029434811646, 0.010776686186054938, 0.2883656987023963, 0.007100706152237989
154, 0.011604879210223495, 0.010776686186054938, 0.007613271649848356, 0.007100706152237989
155, 0.058249176409322534, 0.010776686186054938, 0.03814029938668626, 0.007100706152237989
156, 0.013263441884856597, 0.010776686186054938, 0.008876277318230312, 0.007100706152237989
157, 0.012627087659327383, 0.010776686186054938, 0.008165111030700558, 0.007100706152237989
158, 0.343081193237898, 0.010776686186054938, 0.22578988960434454, 0.007100706152237989
159, 0.02398524979727996, 0.010776686186054938, 0.016666737744943986, 0.007100706152237989
160, 0.02269692141140432, 0.010776686186054938, 0.015714050246274338, 0.007100706152237989
161, 0.09721849326040984, 0.010776686186054938, 0.06372270106045423, 0.007100706152237989
162, 0.45188826378142083, 0.010776686186054938, 0.29766809262962973, 0.007100706152237989
163, 0.4774949163908412, 0.010776686186054938, 0.3145751520163231, 0.007100706152237989
164, 0.017694729157213814, 0.010776686186054938, 0.011917650075337086, 0.007100706152237989
165, 0.3690697598011809, 0.010776686186054938, 0.24356560853047762, 0.007100706152237989
166, 0.014410385890844863, 0.010776686186054938, 0.009404947831456041, 0.007100706152237989
167, 0.013298906474966048, 0.010776686186054938, 0.00871216389654877, 0.007100706152237989
168, 0.39182388501020665, 0.010776686186054938, 0.25823656525917965, 0.007100706152237989
169, 0.026977327934801707, 0.010776686186054938, 0.017202522596818585, 0.007100706152237989
170, 0.028276302534402168, 0.010776686186054938, 0.019677965276136966, 0.007100706152237989
171, 0.012384569523246836, 0.010776686186054938, 0.008019313756751528, 0.007100706152237989
172, 0.1724736098750566, 0.010776686186054938, 0.11378407533125079, 0.007100706152237989
173, 0.37098018879979605, 0.010776686186054938, 0.2448971086439553, 0.007100706152237989
174, 0.4939399902233785, 0.010776686186054938, 0.3254181595791501, 0.007100706152237989
175, 0.028388467836269204, 0.010776686186054938, 0.019586659886246697, 0.007100706152237989
176, 0.3924807865149243, 0.010776686186054938, 0.25882261579501, 0.007100706152237989
177, 0.4456713967286419, 0.010776686186054938, 0.2936811135732634, 0.007100706152237989
178, 0.03804149846223375, 0.010776686186054938, 0.026540886184059514, 0.007100706152237989
179, 0.049779027773232565, 0.010776686186054938, 0.03238122678321309, 0.007100706152237989
180, 0.44132417750375147, 0.010776686186054938, 0.29090241297449393, 0.007100706152237989
181, 0.3425864269022121, 0.010776686186054938, 0.22591701547495835, 0.007100706152237989
182, 0.20352144398637606, 0.010776686186054938, 0.13397669257236233, 0.007100706152237989
183, 0.02253027763366992, 0.010776686186054938, 0.015222081516043361, 0.007100706152237989
184, 0.3871004277677, 0.010776686186054938, 0.25531318444864104, 0.007100706152237989
185, 0.028286669774547888, 0.010776686186054938, 0.019844644724774943, 0.007100706152237989
186, 0.13572737765610884, 0.010776686186054938, 0.08848169557545532, 0.007100706152237989
187, 0.4273036301831887, 0.010776686186054938, 0.28167032243604884, 0.007100706152237989
188, 0.041966289535340984, 0.010776686186054938, 0.02701815835317645, 0.007100706152237989
189, 0.013529995387476988, 0.010776686186054938, 0.009113820824082639, 0.007100706152237989
190, 0.4530805977387977, 0.010776686186054938, 0.2984882977096994, 0.007100706152237989
191, 0.03339202279932912, 0.010776686186054938, 0.023311056285391766, 0.007100706152237989
192, 0.4491189723614119, 0.010776686186054938, 0.29593987360144874, 0.007100706152237989
193, 0.013034127149367294, 0.010776686186054938, 0.008875331946630323, 0.007100706152237989
194, 0.4032820398826459, 0.010776686186054938, 0.26587173439383155, 0.007100706152237989
195, 0.4046683674684405, 0.010776686186054938, 0.2668532040166242, 0.007100706152237989
196, 0.02712191059822976, 0.010776686186054938, 0.018957484279781497, 0.007100706152237989
197, 0.4691587238310658, 0.010776686186054938, 0.30913960870314033, 0.007100706152237989
198, 0.3913333146546266, 0.010776686186054938, 0.25812695690248094, 0.007100706152237989
199, 0.20756231118158913, 0.010776686186054938, 0.13645919160327202, 0.007100706152237989
200, 0.29694113715164405, 0.010776686186054938, 0.19534862282200952, 0.007100706152237989
201, 0.38900466406072426, 0.010776686186054938, 0.2567951593884265, 0.007100706152237989
202, 0.4121327477582504, 0.010776686186054938, 0.2717563589363433, 0.007100706152237989
203, 0.03540813352728954, 0.010776686186054938, 0.02475874125723579, 0.007100706152237989
204, 0.016495598525960536, 0.010776686186054938, 0.011408933747983865, 0.007100706152237989
205, 0.09667000260742659, 0.010776686186054938, 0.06322731262951552, 0.007100706152237989
206, 0.015216648384020467, 0.010776686186054938, 0.009898584785689708, 0.007100706152237989
207, 0.1623467079056312, 0.010776686186054938, 0.10680572063127348, 0.007100706152237989
208, 0.057432907405242845, 0.010776686186054938, 0.03736313705212654, 0.007100706152237989
209, 0.39903086221653195, 0.010776686186054938, 0.2631585605988132, 0.007100706152237989
210, 0.014328898824817133, 0.010776686186054938, 0.009290793507752285, 0.007100706152237989
211, 0.04419428031243908, 0.010776686186054938, 0.03079900993099126, 0.007100706152237989
212, 0.42134379476234735, 0.010776686186054938, 0.2777896522236194, 0.007100706152237989
213, 0.02001475533656693, 0.010776686186054938, 0.01288152578168558, 0.007100706152237989
214, 0.019554127611969403, 0.010776686186054938, 0.012940798628940658, 0.007100706152237989
215, 0.48260685440761775, 0.010776686186054938, 0.3179398426346975, 0.007100706152237989
216, 0.37123852216272496, 0.010776686186054938, 0.24505036686763623, 0.007100706152237989
217, 0.027873759177713345, 0.010776686186054938, 0.019506111121806342, 0.007100706152237989
218, 0.08121881720550558, 0.010776686186054938, 0.05276813245998254, 0.007100706152237989
219, 0.03691798786353784, 0.010776686186054938, 0.025695744886132715, 0.007100706152237989
220, 0.4782029192067342, 0.010776686186054938, 0.315047996436391, 0.007100706152237989
221, 0.015193691817207079, 0.010776686186054938, 0.009913291951737303, 0.007100706152237989
222, 0.03977619900317117, 0.010776686186054938, 0.02598320188483219, 0.007100706152237989
223, 0.41825771716511295, 0.010776686186054938, 0.275807468892772, 0.007100706152237989
224, 0.012874892696910195, 0.010776686186054938, 0.00813978005362436, 0.007100706152237989
225, 0.014735482245695238, 0.010776686186054938, 0.00962666090070804, 0.007100706152237989
226, 0.453285223655767, 0.010776686186054938, 0.2987282257675866, 0.007100706152237989
227, 0.3880155597374125, 0.010776686186054938, 0.25596632047602225, 0.007100706152237989
228, 0.0512199594726519, 0.010776686186054938, 0.03326256293248543, 0.007100706152237989
229, 0.494617735610392, 0.010776686186054938, 0.3258277743429067, 0.007100706152237989
230, 0.08458680739015394, 0.010776686186054938, 0.05513251563401167, 0.007100706152237989
231, 0.07575020633177465, 0.010776686186054938, 0.04922020619966284, 0.007100706152237989
232, 0.014694732259456156, 0.010776686186054938, 0.010029883109870118, 0.007100706152237989
233, 0.01580332332613877, 0.010776686186054938, 0.01090296331774907, 0.007100706152237989
234, 0.05555522040284355, 0.010776686186054938, 0.036026185059889, 0.007100706152237989
235, 0.013051208272702312, 0.010776686186054938, 0.008582727662505731, 0.007100706152237989
236, 0.01830632073000521, 0.010776686186054938, 0.012640110006264948, 0.007100706152237989
237, 0.47406025684428615, 0.010776686186054938, 0.3123171977875531, 0.007100706152237989
238, 0.015586950540028259, 0.010776686186054938, 0.010510502281165185, 0.007100706152237989
239, 0.4108679909086149, 0.010776686186054938, 0.27081585312171513, 0.007100706152237989
240, 0.02252036715961244, 0.010776686186054938, 0.01580931928650286, 0.007100706152237989
241, 0.4032391735191866, 0.010776686186054938, 0.2654827434250763, 0.007100706152237989
242, 0.02240003002656621, 0.010776686186054938, 0.01570457391478029, 0.007100706152237989
243, 0.03165399723102959, 0.010776686186054938, 0.022018587808114772, 0.007100706152237989
244, 0.2512198972410022, 0.010776686186054938, 0.16533330302652838, 0.007100706152237989
245, 0.46011392873137563, 0.010776686186054938, 0.3029204525221659, 0.007100706152237989
246, 0.4364950854685042, 0.010776686186054938, 0.28763250975917637, 0.007100706152237989
247, 0.3915796134126693, 0.010776686186054938, 0.25829660403452204, 0.007100706152237989
248, 0.34568313589156585, 0.010776686186054938, 0.2281904088680389, 0.007100706152237989
249, 0.3924408363722364, 0.010776686186054938, 0.25889231533469054, 0.007100706152237989
250, 0.014594612201389637, 0.010776686186054938, 0.010031098723660417, 0.007100706152237989
251, 0.1555795134064107, 0.010776686186054938, 0.10212947197064394, 0.007100706152237989
252, 0.026554007339111934, 0.010776686186054938, 0.018605143944183524, 0.007100706152237989
253, 0.03354386259484566, 0.010776686186054938, 0.02182872036783648, 0.007100706152237989
254, 0.012286848106750951, 0.010776686186054938, 0.007865132878059797, 0.007100706152237989
255, 0.010659932164938142, 0.010659932164938142, 0.006967074256037944, 0.006967074256037944
256, 0.03766075553646286, 0.010659932164938142, 0.026304459701757373, 0.006967074256037944
257, 0.4977315696291846, 0.010659932164938142, 0.3278871788667507, 0.006967074256037944
258, 0.5884877546254828, 0.010659932164938142, 0.3893143236280386, 0.006967074256037944
259, 0.4355127548029548, 0.010659932164938142, 0.2868996267554394, 0.006967074256037944
260, 0.4459316081717796, 0.010659932164938142, 0.29390105660630084, 0.006967074256037944
261, 0.34608602458977483, 0.010659932164938142, 0.22793544805313712, 0.006967074256037944
262, 0.01911355624307515, 0.010659932164938142, 0.013397665199907502, 0.006967074256037944
263, 0.12549545454833583, 0.010659932164938142, 0.08305976582591947, 0.006967074256037944
264, 0.015645305456218388, 0.010659932164938142, 0.010769232910042344, 0.006967074256037944
265, 0.014738672928493297, 0.010659932164938142, 0.009991244437684307, 0.006967074256037944
266, 0.032215296792397756, 0.010659932164938142, 0.02250415958914016, 0.006967074256037944
267, 0.4914969793718469, 0.010659932164938142, 0.3237702741634611, 0.006967074256037944
268, 0.6694315624566064, 0.010659932164938142, 0.4433426660624869, 0.006967074256037944
269, 0.054911658351032434, 0.010659932164938142, 0.03558880775952677, 0.006967074256037944
270, 0.3549972330652384, 0.010659932164938142, 0.2344240217629825, 0.006967074256037944
271, 0.4252910491852435, 0.010659932164938142, 0.2803793820095222, 0.006967074256037944
272, 0.011590630192712842, 0.010659932164938142, 0.007570410819436165, 0.006967074256037944
273, 0.020175322293268603, 0.010659932164938142, 0.013906728590437593, 0.006967074256037944
274, 0.45128401864408724, 0.010659932164938142, 0.297335104977344, 0.006967074256037944
275, 0.45711540925033645, 0.010659932164938142, 0.30120882961077217, 0.006967074256037944
276, 0.03455117095250066, 0.010659932164938142, 0.024048963908530053, 0.006967074256037944
277, 0.01653230243253503, 0.010659932164938142, 0.01136774068069431, 0.006967074256037944
278, 0.1346281768442686, 0.010659932164938142, 0.08821281732200864, 0.006967074256037944
279, 0.016660553667290613, 0.010659932164938142, 0.011504718025932717, 0.006967074256037944
280, 0.019866431170326503, 0.010659932164938142, 0.01375254196793247, 0.006967074256037944
281, 0.031439460744242816, 0.010659932164938142, 0.02193867432643566, 0.006967074256037944
282, 0.02446404221105514, 0.010659932164938142, 0.016288853520335874, 0.006967074256037944
283, 0.49639294074809165, 0.010659932164938142, 0.3269064090843097, 0.006967074256037944
284, 0.3958903686463863, 0.010659932164938142, 0.261184140682516, 0.006967074256037944
285, 0.43681365313039094, 0.010659932164938142, 0.28790685544499245, 0.006967074256037944
286, 0.39528972474151913, 0.010659932164938142, 0.26075936232060126, 0.006967074256037944
287, 0.04217143945063912, 0.010659932164938142, 0.029316088072502505, 0.006967074256037944
288, 0.028645172934551714, 0.010659932164938142, 0.02000435645972466, 0.006967074256037944
289, 0.49900422508491155, 0.010659932164938142, 0.32867991719959244, 0.006967074256037944
290, 0.47902628035433753, 0.010659932164938142, 0.3155164312135252, 0.006967074256037944
291, 0.3738002769521067, 0.010659932164938142, 0.24674365834919612, 0.006967074256037944
292, 0.026734099601604003, 0.010659932164938142, 0.01719808096441768, 0.006967074256037944
293, 0.34679168868487475, 0.010659932164938142, 0.22866225148116445, 0.006967074256037944
294, 0.4334577003786991, 0.010659932164938142, 0.2857771347381491, 0.006967074256037944
295, 0.4013387608905105, 0.010659932164938142, 0.2647584191677108, 0.006967074256037944
296, 0.2866581923950667, 0.010659932164938142, 0.18891393166802228, 0.006967074256037944
297, 0.014789791337343792, 0.010659932164938142, 0.010207710517800046, 0.006967074256037944
298, 0.37082523475511175, 0.010659932164938142, 0.24479258592357686, 0.006967074256037944
299, 0.012226339882665459, 0.010659932164938142, 0.008285071159254254, 0.006967074256037944
300, 0.01411294127803378, 0.010659932164938142, 0.0095578926074453, 0.006967074256037944
301, 0.11445604993404314, 0.010659932164938142, 0.07487977712009113, 0.006967074256037944
302, 0.01994573035658352, 0.010659932164938142, 0.013911788474405086, 0.006967074256037944
303, 0.41249331029000585, 0.010659932164938142, 0.27199962500102, 0.006967074256037944
304, 0.41253305523086325, 0.010659932164938142, 0.2720739607464319, 0.006967074256037944
305, 0.17649280921786062, 0.010659932164938142, 0.11621621355901947, 0.006967074256037944
306, 0.3940743659381537, 0.010659932164938142, 0.25993582258149606, 0.006967074256037944
307, 0.031007407353028274, 0.010659932164938142, 0.021686651489396917, 0.006967074256037944
308, 0.14080292541418268, 0.010659932164938142, 0.09222423887881215, 0.006967074256037944
309, 0.03179231270020925, 0.010659932164938142, 0.022218344428455047, 0.006967074256037944
310, 0.012064244811779546, 0.010659932164938142, 0.0076453298586796, 0.006967074256037944
311, 0.027165608281128843, 0.010659932164938142, 0.019047552182068984, 0.006967074256037944
312, 0.47937834815734326, 0.010659932164938142, 0.3157874500264061, 0.006967074256037944
313, 0.4598801595984001, 0.010659932164938142, 0.3030673798775918, 0.006967074256037944
314, 0.4220584894605203, 0.010659932164938142, 0.2779804076533401, 0.006967074256037944
315, 0.037067195643725556, 0.010659932164938142, 0.025863292062572065, 0.006967074256037944
316, 0.07548882591536012, 0.010659932164938142, 0.04942232252770887, 0.006967074256037944
317, 0.015115480697075877, 0.010659932164938142, 0.010385206566621003, 0.006967074256037944
318, 0.36532821639037716, 0.010659932164938142, 0.24117057465453226, 0.006967074256037944
319, 0.45914496287828727, 0.010659932164938142, 0.3025068572009341, 0.006967074256037944
320, 0.446622101100959, 0.010659932164938142, 0.29428489092748794, 0.006967074256037944
321, 0.013611395184319109, 0.010659932164938142, 0.00915678524800981, 0.006967074256037944
322, 0.036069166253847665, 0.010659932164938142, 0.023721523815544446, 0.006967074256037944
323, 0.015528033211136995, 0.010659932164938142, 0.010473909799330388, 0.006967074256037944
324, 0.33232789470664187, 0.010659932164938142, 0.2193514874447711, 0.006967074256037944
325, 0.437671273118169, 0.010659932164938142, 0.28839605035657245, 0.006967074256037944
326, 0.3760282110172177, 0.010659932164938142, 0.24810765316514638, 0.006967074256037944
327, 0.031351663725562674, 0.010659932164938142, 0.021883456229319063, 0.006967074256037944
328, 0.3472631477414288, 0.010659932164938142, 0.22929780307743133, 0.006967074256037944
329, 0.4364341171343757, 0.010659932164938142, 0.2876643104491134, 0.006967074256037944
330, 0.42311182509559914, 0.010659932164938142, 0.2790000598272566, 0.006967074256037944
331, 0.022876277597426713, 0.010659932164938142, 0.015951011834974663, 0.006967074256037944
332, 0.027737169042424088, 0.010659932164938142, 0.01936739047696498, 0.006967074256037944
333, 0.03869384575938689, 0.010659932164938142, 0.025428867592878098, 0.006967074256037944
334, 0.37902128839536625, 0.010659932164938142, 0.2500935993114592, 0.006967074256037944
335, 0.43105157612423334, 0.010659932164938142, 0.2841768480906129, 0.006967074256037944
336, 0.29307541150129884, 0.010659932164938142, 0.1926307672316249, 0.006967074256037944
337, 0.02922392305266781, 0.010659932164938142, 0.01897221541741173, 0.006967074256037944
338, 0.7500532109361748, 0.010659932164938142, 0.497363710012973, 0.006967074256037944
339, 0.4535340219694474, 0.010659932164938142, 0.29897476399396666, 0.006967074256037944
340, 0.37878122020088306, 0.010659932164938142, 0.24983086101019011, 0.006967074256037944
341, 0.3670129468857055, 0.010659932164938142, 0.24227648615805675, 0.006967074256037944
342, 0.4945855947535705, 0.010659932164938142, 0.3259794786832311, 0.006967074256037944
343, 0.4989660508676256, 0.010659932164938142, 0.32869516920000535, 0.006967074256037944
344, 0.02266740267978486, 0.010659932164938142, 0.015851830249747442, 0.006967074256037944
345, 0.6579710971003814, 0.010659932164938142, 0.43568817616090244, 0.006967074256037944
346, 0.4368739248998054, 0.010659932164938142, 0.2877186350871456, 0.006967074256037944
347, 0.026569027572097777, 0.010659932164938142, 0.0185869755803885, 0.006967074256037944
348, 0.4008827863120498, 0.010659932164938142, 0.2643373183035382, 0.006967074256037944
349, 0.46729757480261974, 0.010659932164938142, 0.3078957584365156, 0.006967074256037944
350, 0.4289044223345763, 0.010659932164938142, 0.2827467684935207, 0.006967074256037944
351, 0.30628948690141194, 0.010659932164938142, 0.2015306575677931, 0.006967074256037944
352, 0.6298936463074605, 0.010659932164938142, 0.41698108745439266, 0.006967074256037944
353, 0.35713578416889696, 0.010659932164938142, 0.23568037193912403, 0.006967074256037944
354, 0.12901979466916114, 0.010659932164938142, 0.08494258549866561, 0.006967074256037944
355, 0.4535844411644418, 0.010659932164938142, 0.2988993714131501, 0.006967074256037944
356, 0.47033984895970066, 0.010659932164938142, 0.30992576152213086, 0.006967074256037944
357, 0.019276542587333998, 0.010659932164938142, 0.01338909520587414, 0.006967074256037944
358, 0.4594431754017354, 0.010659932164938142, 0.3027120602054513, 0.006967074256037944
359, 0.4364185099462261, 0.010659932164938142, 0.28762984039794076, 0.006967074256037944
360, 0.01766302639548715, 0.010659932164938142, 0.012174516237061325, 0.006967074256037944
361, 0.3262976150938323, 0.010659932164938142, 0.2148257324190367, 0.006967074256037944
362, 0.3543714022853309, 0.010659932164938142, 0.23322692839018908, 0.006967074256037944
363, 0.3992278796799133, 0.010659932164938142, 0.2633144150814876, 0.006967074256037944
364, 0.38159788830671476, 0.010659932164938142, 0.25174374036375063, 0.006967074256037944
365, 0.02449254090459366, 0.010659932164938142, 0.017159505138268916, 0.006967074256037944
366, 0.4918567559294635, 0.010659932164938142, 0.32398644629208795, 0.006967074256037944
367, 0.020530247563476097, 0.010659932164938142, 0.013163913475327067, 0.006967074256037944
368, 0.402459666053391, 0.010659932164938142, 0.26548395586913237, 0.006967074256037944
369, 0.4186623446802257, 0.010659932164938142, 0.27602495330831167, 0.006967074256037944
370, 0.4103793124783567, 0.010659932164938142, 0.2706505071287941, 0.006967074256037944
371, 0.021142994351484704, 0.010659932164938142, 0.014752223927112474, 0.006967074256037944
372, 0.4421370642902386, 0.010659932164938142, 0.2914642077956155, 0.006967074256037944
373, 0.3536800659489268, 0.010659932164938142, 0.2328801897522527, 0.006967074256037944
374, 0.4515413303494673, 0.010659932164938142, 0.2975334202493264, 0.006967074256037944
375, 0.013098794657355407, 0.010659932164938142, 0.008580399461009495, 0.006967074256037944
376, 0.378135093666166, 0.010659932164938142, 0.2495100333918473, 0.006967074256037944
377, 0.039056154092497006, 0.010659932164938142, 0.027276636653074688, 0.006967074256037944
378, 0.0136342325485567, 0.010659932164938142, 0.008661157061613235, 0.006967074256037944
379, 0.025129750890001596, 0.010659932164938142, 0.01592862376688525, 0.006967074256037944
380, 0.02479325601239302, 0.010659932164938142, 0.01739049705639255, 0.006967074256037944
381, 0.22343120758866214, 0.010659932164938142, 0.14705392195343478, 0.006967074256037944
382, 0.01814087312575294, 0.010659932164938142, 0.012388033416491943, 0.006967074256037944
383, 0.013703963224638445, 0.010659932164938142, 0.008706679776551386, 0.006967074256037944
384, 0.025995607019248954, 0.010659932164938142, 0.018202380807548758, 0.006967074256037944
385, 0.407174744475646, 0.010659932164938142, 0.2684826728636481, 0.006967074256037944
386, 0.11026803737379945, 0.010659932164938142, 0.0718879178679091, 0.006967074256037944
387, 0.38901064229904725, 0.010659932164938142, 0.25655030817630264, 0.006967074256037944
388, 0.43714774668386996, 0.010659932164938142, 0.2880194022542523, 0.006967074256037944
389, 0.02043226913952959, 0.010659932164938142, 0.014133685941849721, 0.006967074256037944
390, 0.4661904050349953, 0.010659932164938142, 0.307188557099119, 0.006967074256037944
391, 0.011712857358352431, 0.010659932164938142, 0.007848699198144474, 0.006967074256037944
392, 0.4098378431463237, 0.010659932164938142, 0.27016781745950685, 0.006967074256037944
393, 0.012060889930492659, 0.010659932164938142, 0.00812044447937636, 0.006967074256037944
394, 0.289515237016597, 0.010659932164938142, 0.19086688384604888, 0.006967074256037944
395, 0.4118521486569036, 0.010659932164938142, 0.27158588507365883, 0.006967074256037944
396, 0.3535092344650386, 0.010659932164938142, 0.23319689664860555, 0.006967074256037944
397, 0.27844666118636796, 0.010659932164938142, 0.18357494498528593, 0.006967074256037944
398, 0.016169092372038524, 0.010659932164938142, 0.0111756479671041, 0.006967074256037944
399, 0.35436291008504295, 0.010659932164938142, 0.23401108645311977, 0.006967074256037944
400, 0.01639788746695485, 0.010659932164938142, 0.011035106236081985, 0.006967074256037944
401, 0.4726075743065677, 0.010659932164938142, 0.3112634804693785, 0.006967074256037944
402, 0.2657917588403889, 0.010659932164938142, 0.1750996043720716, 0.006967074256037944
403, 0.4041881387113137, 0.010659932164938142, 0.2665163735580815, 0.006967074256037944
404, 0.026275543602477244, 0.010659932164938142, 0.01820793435000415, 0.006967074256037944
405, 0.4699651208402855, 0.010659932164938142, 0.3095241101014458, 0.006967074256037944
406, 0.011686052187666716, 0.010659932164938142, 0.007537132175214071, 0.006967074256037944
407, 0.017291995114835007, 0.010659932164938142, 0.011244367980226717, 0.006967074256037944
408, 0.42191728624826214, 0.010659932164938142, 0.27815027679229015, 0.006967074256037944
409, 0.021433813162664413, 0.010659932164938142, 0.014461969710973669, 0.006967074256037944
410, 0.26844057577186886, 0.010659932164938142, 0.17643972675692246, 0.006967074256037944
411, 0.017369024242219113, 0.010659932164938142, 0.011932142556076218, 0.006967074256037944
412, 0.02867643579650214, 0.010659932164938142, 0.02003113783392912, 0.006967074256037944
413, 0.4645622609172614, 0.010659932164938142, 0.30601792026755265, 0.006967074256037944
414, 0.01227677505257244, 0.010659932164938142, 0.00827650140205184, 0.006967074256037944
415, 0.42757148399416983, 0.010659932164938142, 0.2818888287731806, 0.006967074256037944
416, 0.463160771881109, 0.010659932164938142, 0.3051907428237687, 0.006967074256037944
417, 0.7168448316876005, 0.010659932164938142, 0.4750811399522005, 0.006967074256037944
418, 0.36883169549582834, 0.010659932164938142, 0.24351136136788312, 0.006967074256037944
419, 0.40142182639750446, 0.010659932164938142, 0.264777172566973, 0.006967074256037944
420, 0.29750623397639203, 0.010659932164938142, 0.19567611248163075, 0.006967074256037944
421, 0.023973322303670056, 0.010659932164938142, 0.016742452596647524, 0.006967074256037944
422, 0.020639185379187953, 0.010659932164938142, 0.014339009942402168, 0.006967074256037944
423, 0.018181918674009413, 0.010659932164938142, 0.012593393323176086, 0.006967074256037944
424, 0.05897853866893124, 0.010659932164938142, 0.03833524562815079, 0.006967074256037944
425, 0.37977115468932127, 0.010659932164938142, 0.25059877574392186, 0.006967074256037944
426, 0.013600792807760758, 0.010659932164938142, 0.00910016231894093, 0.006967074256037944
427, 0.36017542156390425, 0.010659932164938142, 0.23719252638305552, 0.006967074256037944
428, 0.36630480279824496, 0.010659932164938142, 0.24180907789595732, 0.006967074256037944
429, 0.03615927470657052, 0.010659932164938142, 0.02373971068863098, 0.006967074256037944
430, 0.03281502997387958, 0.010659932164938142, 0.022842955454808092, 0.006967074256037944
431, 0.04418898936328899, 0.010659932164938142, 0.028820397761988543, 0.006967074256037944
432, 0.02399153001394927, 0.010659932164938142, 0.01617287163559292, 0.006967074256037944
433, 0.2330447191854868, 0.010659932164938142, 0.15308361862973247, 0.006967074256037944
434, 0.013968750736590017, 0.010659932164938142, 0.009481153444024637, 0.006967074256037944
435, 0.03751143726615812, 0.010659932164938142, 0.024715853186289456, 0.006967074256037944
436, 0.015814743250726626, 0.010659932164938142, 0.010690334356024957, 0.006967074256037944
437, 0.017028815524890738, 0.010659932164938142, 0.011671964239889357, 0.006967074256037944
438, 0.10539702721070907, 0.010659932164938142, 0.0688830869690605, 0.006967074256037944
439, 0.019406545552918625, 0.010659932164938142, 0.013463588261785855, 0.006967074256037944
440, 0.016156133964265466, 0.010659932164938142, 0.011047140979723445, 0.006967074256037944
441, 0.01535215188268609, 0.010659932164938142, 0.010090248717265675, 0.006967074256037944
442, 0.019930056809344506, 0.010659932164938142, 0.013780727055325208, 0.006967074256037944
443, 0.010848050630452051, 0.010659932164938142, 0.007232225803520793, 0.006967074256037944
444, 0.015583535543151323, 0.010659932164938142, 0.010637456897422425, 0.006967074256037944
445, 0.1519238941672315, 0.010659932164938142, 0.09929415597006903, 0.006967074256037944
446, 0.02702747196189518, 0.010659932164938142, 0.01898753289035301, 0.006967074256037944
447, 0.42288480178181087, 0.010659932164938142, 0.27884672489155554, 0.006967074256037944
448, 0.17159547353888577, 0.010659932164938142, 0.11293495891234467, 0.006967074256037944
449, 0.027197773482151393, 0.010659932164938142, 0.017590470006953844, 0.006967074256037944
450, 0.08168275221664087, 0.010659932164938142, 0.053047317486683704, 0.006967074256037944
451, 0.4577594476128104, 0.010659932164938142, 0.3016237268476248, 0.006967074256037944
452, 0.3829345715930854, 0.010659932164938142, 0.2526668381086352, 0.006967074256037944
453, 0.023733072552955998, 0.010659932164938142, 0.016296565924454085, 0.006967074256037944
454, 0.016541414394861634, 0.010659932164938142, 0.011363632527284048, 0.006967074256037944
455, 0.02458744300395482, 0.010659932164938142, 0.01714338291697297, 0.006967074256037944
456, 0.4064868389771966, 0.010659932164938142, 0.2681068956623737, 0.006967074256037944
457, 0.07507561819302892, 0.010659932164938142, 0.04903164865784145, 0.006967074256037944
458, 0.4456636466870518, 0.010659932164938142, 0.2937453342268576, 0.006967074256037944
459, 0.012339670347459294, 0.010659932164938142, 0.008317274446149962, 0.006967074256037944
460, 0.48352708084808366, 0.010659932164938142, 0.31857527123231916, 0.006967074256037944
461, 0.37648170234717454, 0.010659932164938142, 0.2484593459252276, 0.006967074256037944
462, 0.44196876999365653, 0.010659932164938142, 0.29114539327420313, 0.006967074256037944
463, 0.024171745265934567, 0.010659932164938142, 0.01687371980147625, 0.006967074256037944
464, 0.4646410436833864, 0.010659932164938142, 0.30623632626400016, 0.006967074256037944
465, 0.10213654436104064, 0.010659932164938142, 0.0664582587722429, 0.006967074256037944
466, 0.3812996628895619, 0.010659932164938142, 0.2512314118321187, 0.006967074256037944
467, 0.3880089211895895, 0.010659932164938142, 0.25588994770431756, 0.006967074256037944
468, 0.038888993439148235, 0.010659932164938142, 0.025049712690867056, 0.006967074256037944
469, 0.027988848220469313, 0.010659932164938142, 0.019625836713423408, 0.006967074256037944
470, 0.06947350342249357, 0.010659932164938142, 0.04534660515454691, 0.006967074256037944
471, 0.02798163464037378, 0.010659932164938142, 0.01824787387926639, 0.006967074256037944
472, 0.011842530295177234, 0.010659932164938142, 0.007448448538139338, 0.006967074256037944
473, 0.021476389464070635, 0.010659932164938142, 0.015002521331222799, 0.006967074256037944
474, 0.444770637264857, 0.010659932164938142, 0.29319065024483926, 0.006967074256037944
475, 0.6803677840730329, 0.010659932164938142, 0.45067168375145633, 0.006967074256037944
476, 0.3533384767790956, 0.010659932164938142, 0.23322032568866846, 0.006967074256037944
477, 0.019048699631327087, 0.010659932164938142, 0.013311036689359042, 0.006967074256037944
478, 0.02991661132020079, 0.010659932164938142, 0.020945178106562365, 0.006967074256037944
479, 0.3814575676981489, 0.010659932164938142, 0.251715297977816, 0.006967074256037944
480, 0.45945999284123845, 0.010659932164938142, 0.3027838678984107, 0.006967074256037944
481, 0.03718192841988559, 0.010659932164938142, 0.024172235322757477, 0.006967074256037944
482, 0.43804523871069456, 0.010659932164938142, 0.288681216993006, 0.006967074256037944
483, 0.43536897848608763, 0.010659932164938142, 0.2869929435787519, 0.006967074256037944
484, 0.016296828836251855, 0.010659932164938142, 0.011031035557227386, 0.006967074256037944
485, 0.37606881430931305, 0.010659932164938142, 0.2481753491668888, 0.006967074256037944
486, 0.07993569550812936, 0.010659932164938142, 0.05257285586359329, 0.006967074256037944
487, 0.4233874317794703, 0.010659932164938142, 0.27912378249453557, 0.006967074256037944
488, 0.11202293105084092, 0.010659932164938142, 0.07314522368260494, 0.006967074256037944
489, 0.17020624630229375, 0.010659932164938142, 0.11180339722715975, 0.006967074256037944
490, 0.41344936732212695, 0.010659932164938142, 0.2724002902304812, 0.006967074256037944
491, 0.38376638403522867, 0.010659932164938142, 0.25324414281137314, 0.006967074256037944
492, 0.3450136143678757, 0.010659932164938142, 0.22777968875484855, 0.006967074256037944
493, 0.4764422574819205, 0.010659932164938142, 0.31386138627249327, 0.006967074256037944
494, 0.28701863851826453, 0.010659932164938142, 0.18924842879769102, 0.006967074256037944
495, 0.4228680448039257, 0.010659932164938142, 0.2786769910539188, 0.006967074256037944
496, 0.032306318482301075, 0.010659932164938142, 0.022521288261186757, 0.006967074256037944
497, 0.3614746394076246, 0.010659932164938142, 0.23863134403667166, 0.006967074256037944
498, 0.46795930459990576, 0.010659932164938142, 0.3083535776925959, 0.006967074256037944
499, 0.48554330797770245, 0.010659932164938142, 0.31985604913027377, 0.006967074256037944
500, 0.017078354134323487, 0.010659932164938142, 0.011876130458653543, 0.006967074256037944
501, 0.3669044009200381, 0.010659932164938142, 0.24214997669853375, 0.006967074256037944
502, 0.34959077770320296, 0.010659932164938142, 0.23062059997386275, 0.006967074256037944
503, 0.4825645739649263, 0.010659932164938142, 0.31794166322908995, 0.006967074256037944
504, 0.4841867725446077, 0.010659932164938142, 0.319004113556838, 0.006967074256037944
505, 0.028302478101569495, 0.010659932164938142, 0.019645262706461157, 0.006967074256037944
506, 0.49407515764544674, 0.010659932164938142, 0.32535947235181, 0.006967074256037944
507, 0.18828810332998214, 0.010659932164938142, 0.12381462434446144, 0.006967074256037944
508, 0.3775021287698632, 0.010659932164938142, 0.24907958623634893, 0.006967074256037944
509, 0.46600879959721175, 0.010659932164938142, 0.30699333073297136, 0.006967074256037944
510, 0.023515049915694503, 0.010659932164938142, 0.016371753712090587, 0.006967074256037944
511, 0.450096197204429, 0.010659932164938142, 0.29656237021912707, 0.006967074256037944
512, 0.012366025331171917, 0.010659932164938142, 0.00815185994645475, 0.006967074256037944
513, 0.018269150455864594, 0.010659932164938142, 0.01225036783347636, 0.006967074256037944
514, 0.019647836050467896, 0.010659932164938142, 0.013546895117367131, 0.006967074256037944
515, 0.36594303953398116, 0.010659932164938142, 0.24151642055423073, 0.006967074256037944
516, 0.033615942533568206, 0.010659932164938142, 0.023509243051996528, 0.006967074256037944
517, 0.03260195637306718, 0.010659932164938142, 0.022832016243464193, 0.006967074256037944
518, 0.2785637095284154, 0.010659932164938142, 0.18313737866216895, 0.006967074256037944
519, 0.02032422859919238, 0.010659932164938142, 0.014210954030878374, 0.006967074256037944
520, 0.01547905019224377, 0.010659932164938142, 0.010457476957399112, 0.006967074256037944
521, 0.4578651974194919, 0.010659932164938142, 0.3017122101238068, 0.006967074256037944
522, 0.02123206126795614, 0.010659932164938142, 0.01482668991265236, 0.006967074256037944
523, 0.13997374104062504, 0.010659932164938142, 0.09163999616804026, 0.006967074256037944
524, 0.486143272819052, 0.010659932164938142, 0.3202521957393152, 0.006967074256037944
525, 0.026484631468591844, 0.010659932164938142, 0.018490533489341446, 0.006967074256037944
526, 0.025989483473660275, 0.010659932164938142, 0.017501539195742235, 0.006967074256037944
527, 0.43871254449623176, 0.010659932164938142, 0.289203337789927, 0.006967074256037944
528, 0.013447372102293385, 0.010659932164938142, 0.008736591614534864, 0.006967074256037944
529, 0.016046334754272116, 0.010659932164938142, 0.010759232068814779, 0.006967074256037944
530, 0.14416231506284796, 0.010659932164938142, 0.0945570132021058, 0.006967074256037944
531, 0.013952276250692014, 0.010659932164938142, 0.009647166366246612, 0.006967074256037944
532, 0.2470912640548978, 0.010659932164938142, 0.1626719648962956, 0.006967074256037944
533, 0.028962778468301666, 0.010659932164938142, 0.020268546753907393, 0.006967074256037944
534, 0.12155445107251917, 0.010659932164938142, 0.0802397613201728, 0.006967074256037944
535, 0.21045640433917123, 0.010659932164938142, 0.1381231319704491, 0.006967074256037944
536, 0.3755327134607083, 0.010659932164938142, 0.24748107377498255, 0.006967074256037944
537, 0.012955306654985585, 0.010659932164938142, 0.008711358214485916, 0.006967074256037944
538, 0.013200991547454412, 0.010659932164938142, 0.008716736108594967, 0.006967074256037944
539, 0.39570573782127527, 0.010659932164938142, 0.2610075820186302, 0.006967074256037944
540, 0.3789869644139485, 0.010659932164938142, 0.25002286504379834, 0.006967074256037944
541, 0.014004820926236406, 0.010659932164938142, 0.008908212544093144, 0.006967074256037944
542, 0.024010383143743774, 0.010659932164938142, 0.016706906207206492, 0.006967074256037944
543, 0.09374032408332986, 0.010659932164938142, 0.060949464510220173, 0.006967074256037944
544, 0.4185194253373232, 0.010659932164938142, 0.27592560232224156, 0.006967074256037944
545, 0.031224312550424304, 0.010659932164938142, 0.02175761437831485, 0.006967074256037944
546, 0.4170419017308008, 0.010659932164938142, 0.27499249436832224, 0.006967074256037944
547, 0.028572412408665218, 0.010659932164938142, 0.019840308138897207, 0.006967074256037944
548, 0.03224670339446761, 0.010659932164938142, 0.021164658014448053, 0.006967074256037944
549, 0.013293948116877868, 0.010659932164938142, 0.008859879064950794, 0.006967074256037944
550, 0.4046606320697183, 0.010659932164938142, 0.2668600115064476, 0.006967074256037944
551, 0.03811862089222734, 0.010659932164938142, 0.02661811227606198, 0.006967074256037944
552, 0.10261896600600737, 0.010659932164938142, 0.06699219338438757, 0.006967074256037944
553, 0.015440360695427955, 0.010659932164938142, 0.010686780304285388, 0.006967074256037944
554, 0.3376350556895224, 0.010659932164938142, 0.22278804938617328, 0.006967074256037944
555, 0.03294017827891322, 0.010659932164938142, 0.023027848153809694, 0.006967074256037944
556, 0.4524265853497704, 0.010659932164938142, 0.29812195903873023, 0.006967074256037944
557, 0.025490284745845016, 0.010659932164938142, 0.017857190531941767, 0.006967074256037944
558, 0.22446638952282938, 0.010659932164938142, 0.14710231452994219, 0.006967074256037944
559, 0.4394246470331737, 0.010659932164938142, 0.2895575147691829, 0.006967074256037944
560, 0.015622883127218847, 0.010659932164938142, 0.010111495001628558, 0.006967074256037944
561, 0.08009219154984663, 0.010659932164938142, 0.05212248191518337, 0.006967074256037944
562, 0.42965832304014695, 0.010659932164938142, 0.28320857177279557, 0.006967074256037944
563, 0.027693115429974206, 0.010659932164938142, 0.01935177009088181, 0.006967074256037944
564, 0.42895712619158494, 0.010659932164938142, 0.2827010147290607, 0.006967074256037944
565, 0.03215168592957384, 0.010659932164938142, 0.020989130915897658, 0.006967074256037944
566, 0.024781987473656522, 0.010659932164938142, 0.01730507489734488, 0.006967074256037944
567, 0.033570227932857785, 0.010659932164938142, 0.02346473202308794, 0.006967074256037944
568, 0.46103246874211484, 0.010659932164938142, 0.3037517630557673, 0.006967074256037944
569, 0.03437526595724785, 0.010659932164938142, 0.024002929988875158, 0.006967074256037944
570, 0.2707990806283244, 0.010659932164938142, 0.1779044083438084, 0.006967074256037944
571, 0.45410620993119805, 0.010659932164938142, 0.29926546933491105, 0.006967074256037944
572, 0.09104246093647111, 0.010659932164938142, 0.05950358219187041, 0.006967074256037944
573, 0.286043826851744, 0.010659932164938142, 0.18845579591126804, 0.006967074256037944
574, 0.3664753817833223, 0.010659932164938142, 0.24186041460986663, 0.006967074256037944
575, 0.3775659374142813, 0.010659932164938142, 0.24913770892461887, 0.006967074256037944
576, 0.014015208763019192, 0.010659932164938142, 0.009598853417716406, 0.006967074256037944
577, 0.020652880305405664, 0.010659932164938142, 0.01317427363446524, 0.006967074256037944
578, 0.38251895635521915, 0.010659932164938142, 0.25187201080150773, 0.006967074256037944
579, 0.01787517654154285, 0.010659932164938142, 0.012420024919021644, 0.006967074256037944
580, 0.012460002457078945, 0.010659932164938142, 0.008353904310590377, 0.006967074256037944
581, 0.46101847875266944, 0.010659932164938142, 0.303722557450456, 0.006967074256037944
582, 0.01794979113726943, 0.010659932164938142, 0.012329401975912667, 0.006967074256037944
583, 0.3151147030626546, 0.010659932164938142, 0.20723329927828946, 0.006967074256037944
584, 0.01295591142009421, 0.010659932164938142, 0.008134989252499112, 0.006967074256037944
585, 0.028798696471619454, 0.010659932164938142, 0.02018891714458661, 0.006967074256037944
586, 0.11340071181248189, 0.010659932164938142, 0.07396363586346599, 0.006967074256037944
587, 0.36615264726543223, 0.010659932164938142, 0.24167815283335434, 0.006967074256037944
588, 0.014332359047008953, 0.010659932164938142, 0.009566853488760569, 0.006967074256037944
589, 0.01367238408745488, 0.010659932164938142, 0.009073471166201202, 0.006967074256037944
590, 0.39069061203456623, 0.010659932164938142, 0.2577658540489259, 0.006967074256037944
591, 0.28200509146191644, 0.010659932164938142, 0.18551323691721763, 0.006967074256037944
592, 0.02643787813122965, 0.010659932164938142, 0.017810752236383065, 0.006967074256037944
593, 0.45787941224931805, 0.010659932164938142, 0.3018064352920083, 0.006967074256037944
594, 0.011163067370931347, 0.010659932164938142, 0.0071281605330757135, 0.006967074256037944
595, 0.01382709468847372, 0.010659932164938142, 0.008894295981449874, 0.006967074256037944
596, 0.20532503349751882, 0.010659932164938142, 0.13488459632708635, 0.006967074256037944
597, 0.1544708287862394, 0.010659932164938142, 0.10145072213694872, 0.006967074256037944
598, 0.3772710750914679, 0.010659932164938142, 0.24900670026051144, 0.006967074256037944
599, 0.03489224967677585, 0.010659932164938142, 0.024391449739818716, 0.006967074256037944
600, 0.36187845245788874, 0.010659932164938142, 0.23889714992258484, 0.006967074256037944
601, 0.021047649551495334, 0.010659932164938142, 0.01366505267290219, 0.006967074256037944
602, 0.021047649551495334, 0.010659932164938142, 0.01366505267290219, 0.006967074256037944
603, 0.3587192533055116, 0.010659932164938142, 0.2362567068202213, 0.006967074256037944
604, 0.3527648896872459, 0.010659932164938142, 0.23292985561246804, 0.006967074256037944
605, 0.3820321061390814, 0.010659932164938142, 0.2520460186324143, 0.006967074256037944
606, 0.08400160383404884, 0.010659932164938142, 0.05475837290268129, 0.006967074256037944
607, 0.3853743769148594, 0.010659932164938142, 0.25426958393325566, 0.006967074256037944
608, 0.09242919046994089, 0.010659932164938142, 0.05998963319060719, 0.006967074256037944
609, 0.018332970609567307, 0.010659932164938142, 0.012807975766845324, 0.006967074256037944
610, 0.032698976305114986, 0.010659932164938142, 0.02280395045327947, 0.006967074256037944
611, 0.4219608301609323, 0.010659932164938142, 0.2780570810349974, 0.006967074256037944
612, 0.011054755531135238, 0.010659932164938142, 0.007337720056820235, 0.006967074256037944
613, 0.02194723472795747, 0.010659932164938142, 0.014274733923983816, 0.006967074256037944
614, 0.025249634062287234, 0.010659932164938142, 0.016143423375834066, 0.006967074256037944
615, 0.016810267720983093, 0.010659932164938142, 0.01164539665824209, 0.006967074256037944
616, 0.45672193841566777, 0.010659932164938142, 0.3008652298586008, 0.006967074256037944
617, 0.22463225567736295, 0.010659932164938142, 0.14774254506249654, 0.006967074256037944
618, 0.44298548484360956, 0.010659932164938142, 0.29194196809586054, 0.006967074256037944
619, 0.394152159935652, 0.010659932164938142, 0.2600999205675947, 0.006967074256037944
620, 0.4215178116846455, 0.010659932164938142, 0.2778886332523777, 0.006967074256037944
621, 0.3659293922955677, 0.010659932164938142, 0.24157176464929594, 0.006967074256037944
622, 0.38629125376391105, 0.010659932164938142, 0.2543142419867138, 0.006967074256037944
623, 0.028323490233234407, 0.010659932164938142, 0.018443740838550115, 0.006967074256037944
624, 0.41158267782465835, 0.010659932164938142, 0.27138040924609946, 0.006967074256037944
625, 0.018936170735549956, 0.010659932164938142, 0.01321292424533913, 0.006967074256037944
626, 0.011317031923927297, 0.010659932164938142, 0.0073246321319770935, 0.006967074256037944
627, 0.018642161204819905, 0.010659932164938142, 0.013033738341651975, 0.006967074256037944
628, 0.4607242702524535, 0.010659932164938142, 0.30355235574054973, 0.006967074256037944
629, 0.03306531719545487, 0.010659932164938142, 0.023050500044889802, 0.006967074256037944
630, 0.3748426803209631, 0.010659932164938142, 0.2470813384180409, 0.006967074256037944
631, 0.012041738369599233, 0.010659932164938142, 0.0077130347879599695, 0.006967074256037944
632, 0.3846302531815115, 0.010659932164938142, 0.25376251037783865, 0.006967074256037944
633, 0.04412765705379618, 0.010659932164938142, 0.029061527237389723, 0.006967074256037944
634, 0.014005994187528034, 0.010659932164938142, 0.00962626996669779, 0.006967074256037944
635, 0.3770029170731228, 0.010659932164938142, 0.24870262130606935, 0.006967074256037944
636, 0.01236866834841785, 0.010659932164938142, 0.008344935496519773, 0.006967074256037944
637, 0.4770209907521771, 0.010659932164938142, 0.31421635423622735, 0.006967074256037944
638, 0.39328888083272423, 0.010659932164938142, 0.25944908898740787, 0.006967074256037944
639, 0.4726008700966251, 0.010659932164938142, 0.3113719381745606, 0.006967074256037944
640, 0.01474004929792815, 0.010659932164938142, 0.009882693862383158, 0.006967074256037944
641, 0.4354173170342337, 0.010659932164938142, 0.2869764284733761, 0.006967074256037944
642, 0.023703703496156695, 0.010659932164938142, 0.0165977583417334, 0.006967074256037944
643, 0.22745963264671912, 0.010659932164938142, 0.14954077995087808, 0.006967074256037944
644, 0.02173235850440237, 0.010659932164938142, 0.01522023139086727, 0.006967074256037944
645, 0.03571319841561402, 0.010659932164938142, 0.024914458232616097, 0.006967074256037944
646, 0.18568796792493822, 0.010659932164938142, 0.12220523898328733, 0.006967074256037944
647, 0.014063841876332608, 0.010659932164938142, 0.009342706129140467, 0.006967074256037944
648, 0.4701765262541844, 0.010659932164938142, 0.309804459291448, 0.006967074256037944
649, 0.026693471036418975, 0.010659932164938142, 0.017633797802638435, 0.006967074256037944
650, 0.27389638468448524, 0.010659932164938142, 0.18002022141435137, 0.006967074256037944
651, 0.4810792553347372, 0.010659932164938142, 0.31695027943734283, 0.006967074256037944
652, 0.35178966351433416, 0.010659932164938142, 0.23211965332466167, 0.006967074256037944
653, 0.029409036222909808, 0.010659932164938142, 0.020551561210914667, 0.006967074256037944
654, 0.015004775371357202, 0.010659932164938142, 0.010243553134258548, 0.006967074256037944
655, 0.020482643714115605, 0.010659932164938142, 0.01419241510368595, 0.006967074256037944
656, 0.4352568082566415, 0.010659932164938142, 0.2868657127729839, 0.006967074256037944
657, 0.018575537526813773, 0.010659932164938142, 0.012902633736231085, 0.006967074256037944
658, 0.4777964824120929, 0.010659932164938142, 0.3148187867488837, 0.006967074256037944
659, 0.012111827565953916, 0.010659932164938142, 0.007978786109966515, 0.006967074256037944
660, 0.3240237493193839, 0.010659932164938142, 0.21347704832545764, 0.006967074256037944
661, 0.4777917646140345, 0.010659932164938142, 0.3147475661167635, 0.006967074256037944
662, 0.01753847819697381, 0.010659932164938142, 0.012251219153653242, 0.006967074256037944
663, 0.057653889382308234, 0.010659932164938142, 0.03773362473379298, 0.006967074256037944
664, 0.18302518420543026, 0.010659932164938142, 0.12059277442384647, 0.006967074256037944
665, 0.012557284617928951, 0.010659932164938142, 0.008241769912456681, 0.006967074256037944
666, 0.02973641894558634, 0.010659932164938142, 0.02008897006764362, 0.006967074256037944
667, 0.028977015241967993, 0.010659932164938142, 0.02025960018270338, 0.006967074256037944
668, 0.1384156214109845, 0.010659932164938142, 0.09127529457426953, 0.006967074256037944
669, 0.4902547361893372, 0.010659932164938142, 0.3229892065577015, 0.006967074256037944
670, 0.3818762614922349, 0.010659932164938142, 0.25205679988540913, 0.006967074256037944
671, 0.4799393284153342, 0.010659932164938142, 0.3161093465164469, 0.006967074256037944
672, 0.40627588434594003, 0.010659932164938142, 0.26791037019018243, 0.006967074256037944
673, 0.26363465550266285, 0.010659932164938142, 0.17343020833415337, 0.006967074256037944
674, 0.04770537608219927, 0.010659932164938142, 0.03081752480618273, 0.006967074256037944
675, 0.013738859133714913, 0.010659932164938142, 0.008932372688137144, 0.006967074256037944
676, 0.4333019776326655, 0.010659932164938142, 0.28564250255301304, 0.006967074256037944
677, 0.01717449786864199, 0.010659932164938142, 0.01184221753174306, 0.006967074256037944
678, 0.018265291496199123, 0.010659932164938142, 0.012341128727452196, 0.006967074256037944
679, 0.4334872404196856, 0.010659932164938142, 0.28560245595568556, 0.006967074256037944
680, 0.2206093306494746, 0.010659932164938142, 0.14517863786879687, 0.006967074256037944
681, 0.39028162421921087, 0.010659932164938142, 0.25736841080505296, 0.006967074256037944
682, 0.025758341718547968, 0.010659932164938142, 0.017837069670502054, 0.006967074256037944
683, 0.03682905431585222, 0.010659932164938142, 0.02569990905243728, 0.006967074256037944
684, 0.4032995196803851, 0.010659932164938142, 0.2659792379566324, 0.006967074256037944
685, 0.012783581773337722, 0.010659932164938142, 0.008433091390772115, 0.006967074256037944
686, 0.026652103788121394, 0.010659932164938142, 0.01856304724907852, 0.006967074256037944
687, 0.013173016820898496, 0.010659932164938142, 0.008529662055770966, 0.006967074256037944
688, 0.20822618259947637, 0.010659932164938142, 0.13676705901332353, 0.006967074256037944
689, 0.1657639279141469, 0.010659932164938142, 0.10853054116829292, 0.006967074256037944
690, 0.6681515973900871, 0.010659932164938142, 0.4425432289785005, 0.006967074256037944
691, 0.012469285636101531, 0.010659932164938142, 0.00804185892941102, 0.006967074256037944
692, 0.012469285636101531, 0.010659932164938142, 0.00804185892941102, 0.006967074256037944
693, 0.4509588921774913, 0.010659932164938142, 0.2971805151867514, 0.006967074256037944
694, 0.47678708621226146, 0.010659932164938142, 0.31398417017817093, 0.006967074256037944
695, 0.19173260746149282, 0.010659932164938142, 0.12590132313531469, 0.006967074256037944
696, 0.4484590604694207, 0.010659932164938142, 0.29558863719785194, 0.006967074256037944
697, 0.35602934315897694, 0.010659932164938142, 0.23501193470466264, 0.006967074256037944
698, 0.42943576945261597, 0.010659932164938142, 0.28309879703293533, 0.006967074256037944
699, 0.6006504292326968, 0.010659932164938142, 0.3974774821862101, 0.006967074256037944
700, 0.4681763246423322, 0.010659932164938142, 0.3084982057199504, 0.006967074256037944
701, 0.04486966284445286, 0.010659932164938142, 0.029224545184364487, 0.006967074256037944
702, 0.42317613584068936, 0.010659932164938142, 0.27899340841701065, 0.006967074256037944
703, 0.015371401954164724, 0.010659932164938142, 0.010123956639401212, 0.006967074256037944
704, 0.12342876290644147, 0.010659932164938142, 0.08070045679397399, 0.006967074256037944
705, 0.0325216896845986, 0.010659932164938142, 0.022713505541043916, 0.006967074256037944
706, 0.4402027822803323, 0.010659932164938142, 0.2901254986236336, 0.006967074256037944
707, 0.47797848714982766, 0.010659932164938142, 0.3148442464610129, 0.006967074256037944
708, 0.022589635563435583, 0.010659932164938142, 0.015545416494628867, 0.006967074256037944
709, 0.4255906143256693, 0.010659932164938142, 0.28046876929758635, 0.006967074256037944
710, 0.43811793683661143, 0.010659932164938142, 0.2887995819879154, 0.006967074256037944
711, 0.018089436450837392, 0.010659932164938142, 0.01127056657329633, 0.006967074256037944
712, 0.034487303149760805, 0.010659932164938142, 0.024125801225901855, 0.006967074256037944
713, 0.01647357665743453, 0.010659932164938142, 0.011094817805556005, 0.006967074256037944
714, 0.0390218826967519, 0.010659932164938142, 0.02717709639471175, 0.006967074256037944
715, 0.4956663197116397, 0.010659932164938142, 0.3265150705047721, 0.006967074256037944
716, 0.055217585504665864, 0.010659932164938142, 0.036083037052006606, 0.006967074256037944
717, 0.4583522518656584, 0.010659932164938142, 0.30202252386343126, 0.006967074256037944
718, 0.24189274205261765, 0.010659932164938142, 0.1591122224996501, 0.006967074256037944
719, 0.031400397076042016, 0.010659932164938142, 0.020398353821714635, 0.006967074256037944
720, 0.2949216931590556, 0.010659932164938142, 0.19468803671180912, 0.006967074256037944
721, 0.03841130889182474, 0.010659932164938142, 0.024770396138792547, 0.006967074256037944
722, 0.3914906065458317, 0.010659932164938142, 0.25834452278151027, 0.006967074256037944
723, 0.2598784460880588, 0.010659932164938142, 0.17107760943432151, 0.006967074256037944
724, 0.015818753168551428, 0.010659932164938142, 0.01082680956144201, 0.006967074256037944
725, 0.30299180863692815, 0.010659932164938142, 0.19963207183849765, 0.006967074256037944
726, 0.36186709496822833, 0.010659932164938142, 0.23893609724976272, 0.006967074256037944
727, 0.02180907829159014, 0.010659932164938142, 0.015120003389537916, 0.006967074256037944
728, 0.015663554626587313, 0.010659932164938142, 0.010640727317400457, 0.006967074256037944
729, 0.6591480876251563, 0.010659932164938142, 0.43648837609631563, 0.006967074256037944
730, 0.47608986225110983, 0.010659932164938142, 0.3135765992123601, 0.006967074256037944
731, 0.0285697363130714, 0.010659932164938142, 0.019873104288685137, 0.006967074256037944
732, 0.011687045715130417, 0.010659932164938142, 0.007651727733473431, 0.006967074256037944
733, 0.43788138465966314, 0.010659932164938142, 0.2887414871424523, 0.006967074256037944
734, 0.018314941997106465, 0.010659932164938142, 0.012601978170281788, 0.006967074256037944
735, 0.014505019181120921, 0.010659932164938142, 0.009713380465341906, 0.006967074256037944
736, 0.020041385429935693, 0.010659932164938142, 0.014021663186138053, 0.006967074256037944
737, 0.2832521904335812, 0.010659932164938142, 0.1868013722253504, 0.006967074256037944
738, 0.4611015807763149, 0.010659932164938142, 0.30390071058146223, 0.006967074256037944
739, 0.4037348268965121, 0.010659932164938142, 0.2662025909872561, 0.006967074256037944
740, 0.022244157493109526, 0.010659932164938142, 0.015616134083985685, 0.006967074256037944
741, 0.021140226962130398, 0.010659932164938142, 0.014807480550268327, 0.006967074256037944
742, 0.03153332264054476, 0.010659932164938142, 0.02210506517030407, 0.006967074256037944
743, 0.03355033392661846, 0.010659932164938142, 0.023459172703242128, 0.006967074256037944
744, 0.020199409248015724, 0.010659932164938142, 0.013985006760776996, 0.006967074256037944
745, 0.46856812002855597, 0.010659932164938142, 0.30872455061968845, 0.006967074256037944
746, 0.018657115150656815, 0.010659932164938142, 0.013035455990337784, 0.006967074256037944
747, 0.4115446491168341, 0.010659932164938142, 0.27121246815880157, 0.006967074256037944
748, 0.011955344679828195, 0.010659932164938142, 0.008053379858171594, 0.006967074256037944
749, 0.013391392280050627, 0.010659932164938142, 0.00887922072682814, 0.006967074256037944
750, 0.01771791160499789, 0.010659932164938142, 0.012351599163382736, 0.006967074256037944
751, 0.4850462145064974, 0.010659932164938142, 0.3195622230717969, 0.006967074256037944
752, 0.42135626487713096, 0.010659932164938142, 0.2777363887638625, 0.006967074256037944
753, 0.04026254793386566, 0.010659932164938142, 0.0261894448530231, 0.006967074256037944
754, 0.01565424516512344, 0.010659932164938142, 0.010525187341318631, 0.006967074256037944
755, 0.4252051571618503, 0.010659932164938142, 0.28034596772561043, 0.006967074256037944
756, 0.40471558934684043, 0.010659932164938142, 0.26668608808139443, 0.006967074256037944
757, 0.03474514864346703, 0.010659932164938142, 0.024024175421600385, 0.006967074256037944
758, 0.422340883838534, 0.010659932164938142, 0.2784418472650452, 0.006967074256037944
759, 0.4167906211604446, 0.010659932164938142, 0.2748672869972809, 0.006967074256037944
760, 0.3671893431858356, 0.010659932164938142, 0.242405257977937, 0.006967074256037944
761, 0.017247256192442467, 0.010659932164938142, 0.011168457271450325, 0.006967074256037944
762, 0.023203522785825097, 0.010659932164938142, 0.01476163781732589, 0.006967074256037944
763, 0.3461998402981619, 0.010659932164938142, 0.22846485536833092, 0.006967074256037944
764, 0.21060029674368655, 0.010659932164938142, 0.13848439155176484, 0.006967074256037944
765, 0.01318087456775375, 0.010659932164938142, 0.008537857161413148, 0.006967074256037944
766, 0.35673957815185825, 0.010659932164938142, 0.23550895121413304, 0.006967074256037944
767, 0.26426878760606937, 0.010659932164938142, 0.17426511500957279, 0.006967074256037944
768, 0.027885729705766995, 0.010659932164938142, 0.0194448132162153, 0.006967074256037944
769, 0.40887298423955615, 0.010659932164938142, 0.2696740509497581, 0.006967074256037944
770, 0.4272305708402919, 0.010659932164938142, 0.2815764904332176, 0.006967074256037944
771, 0.4272305708402919, 0.010659932164938142, 0.2815764904332176, 0.006967074256037944
772, 0.45188224581739156, 0.010659932164938142, 0.29783631741126143, 0.006967074256037944
773, 0.08589281989414536, 0.010659932164938142, 0.05632324205838763, 0.006967074256037944
774, 0.02037812889506512, 0.010659932164938142, 0.01346259672274665, 0.006967074256037944
775, 0.4381324503234989, 0.010659932164938142, 0.2888408234184526, 0.006967074256037944
776, 0.014410392834907746, 0.010659932164938142, 0.009739171263325413, 0.006967074256037944
777, 0.4188063675544652, 0.010659932164938142, 0.27608253382922715, 0.006967074256037944
778, 0.050264595995746904, 0.010659932164938142, 0.03303704324169305, 0.006967074256037944
779, 0.025966548262524248, 0.010659932164938142, 0.01820443858891516, 0.006967074256037944
780, 0.012968184473804526, 0.010659932164938142, 0.008695643633652586, 0.006967074256037944
781, 0.012968184473804526, 0.010659932164938142, 0.008695643633652586, 0.006967074256037944
782, 0.3456467449253343, 0.010659932164938142, 0.2282876606566772, 0.006967074256037944
783, 0.46326191526055244, 0.010659932164938142, 0.30494537748564393, 0.006967074256037944
784, 0.36061304592919285, 0.010659932164938142, 0.23810913735696349, 0.006967074256037944
785, 0.03893176099952236, 0.010659932164938142, 0.027204063654062152, 0.006967074256037944
786, 0.025644808889772868, 0.010659932164938142, 0.017802473393975674, 0.006967074256037944
787, 0.4005600104708728, 0.010659932164938142, 0.2642101259942204, 0.006967074256037944
788, 0.486551906770331, 0.010659932164938142, 0.32057393687368313, 0.006967074256037944
789, 0.012157682691399739, 0.010659932164938142, 0.008220442179944698, 0.006967074256037944
790, 0.026915452352014674, 0.010659932164938142, 0.018855488479603142, 0.006967074256037944
791, 0.3637091025949783, 0.010659932164938142, 0.24009198181308752, 0.006967074256037944
792, 0.4255586610279159, 0.010659932164938142, 0.28041383421107857, 0.006967074256037944
793, 0.44629996038974823, 0.010659932164938142, 0.2940506134576632, 0.006967074256037944
794, 0.3313068062714398, 0.010659932164938142, 0.21861194512530593, 0.006967074256037944
795, 0.01927244416990801, 0.010659932164938142, 0.013390837680267657, 0.006967074256037944
796, 0.3928180716383713, 0.010659932164938142, 0.2591602052382967, 0.006967074256037944
797, 0.3558836794776106, 0.010659932164938142, 0.23484766178289918, 0.006967074256037944
798, 0.3848085256815764, 0.010659932164938142, 0.2535285802478465, 0.006967074256037944
799, 0.3915619597337185, 0.010659932164938142, 0.2583490511694007, 0.006967074256037944
800, 0.022978693631618297, 0.010659932164938142, 0.0161101173274603, 0.006967074256037944
801, 0.3434905585259864, 0.010659932164938142, 0.2266555112782224, 0.006967074256037944
802, 0.36229655555710855, 0.010659932164938142, 0.23919236068915514, 0.006967074256037944
803, 0.7802726506620197, 0.010659932164938142, 0.5177841752455837, 0.006967074256037944
804, 0.4057432592312954, 0.010659932164938142, 0.26760885050638145, 0.006967074256037944
805, 0.014471831492957003, 0.010659932164938142, 0.009880281907004575, 0.006967074256037944
806, 0.04112046757521113, 0.010659932164938142, 0.028686386695357516, 0.006967074256037944
807, 0.012680167100278696, 0.010659932164938142, 0.00849031378431808, 0.006967074256037944
808, 0.3877229056962185, 0.010659932164938142, 0.25579048589376113, 0.006967074256037944
809, 0.02523562939044727, 0.010659932164938142, 0.017688037458312485, 0.006967074256037944
810, 0.1486329181836204, 0.010659932164938142, 0.09692592858155626, 0.006967074256037944
811, 0.45670450665996887, 0.010659932164938142, 0.300960241709739, 0.006967074256037944
812, 0.01364343901720777, 0.010659932164938142, 0.009070890828216509, 0.006967074256037944
813, 0.2767774159591727, 0.010659932164938142, 0.18218545231648228, 0.006967074256037944
814, 0.10122258880066891, 0.010659932164938142, 0.06585846084061099, 0.006967074256037944
815, 0.012691677809372652, 0.010659932164938142, 0.008176408266909576, 0.006967074256037944
816, 0.04722916950155389, 0.010659932164938142, 0.0307209961169899, 0.006967074256037944
817, 0.4446379066581436, 0.010659932164938142, 0.2929689434379309, 0.006967074256037944
818, 0.011700445329021847, 0.010659932164938142, 0.007629839170991595, 0.006967074256037944
819, 0.011700445329021847, 0.010659932164938142, 0.007629839170991595, 0.006967074256037944
820, 0.03997791699050653, 0.010659932164938142, 0.027863991239691892, 0.006967074256037944
821, 0.3419647712265305, 0.010659932164938142, 0.22581801243070987, 0.006967074256037944
822, 0.3623309915599719, 0.010659932164938142, 0.2392265256403873, 0.006967074256037944
823, 0.6620773644483194, 0.010659932164938142, 0.43846757172178014, 0.006967074256037944
824, 0.4516480274174479, 0.010659932164938142, 0.29758497300731745, 0.006967074256037944
825, 0.013642393523045325, 0.010659932164938142, 0.008706674226119615, 0.006967074256037944
826, 0.20547865674548005, 0.010659932164938142, 0.13485950289620088, 0.006967074256037944
827, 0.012281635914751897, 0.010659932164938142, 0.007997023261087166, 0.006967074256037944
828, 0.012281635914751897, 0.010659932164938142, 0.007997023261087166, 0.006967074256037944
829, 0.43110115595164733, 0.010659932164938142, 0.284178581371163, 0.006967074256037944
830, 0.06720919342704196, 0.010659932164938142, 0.04349843519853227, 0.006967074256037944
831, 0.4783463076614194, 0.010659932164938142, 0.31514754683068935, 0.006967074256037944
832, 0.03148189356190835, 0.010659932164938142, 0.02201405277603793, 0.006967074256037944
833, 0.49733914842064786, 0.010659932164938142, 0.32756860498886886, 0.006967074256037944
834, 0.02086611543581772, 0.010659932164938142, 0.014469778786621762, 0.006967074256037944
835, 0.03739751330701965, 0.010659932164938142, 0.026127667193911037, 0.006967074256037944
836, 0.3725731687430864, 0.010659932164938142, 0.24591576336533014, 0.006967074256037944
837, 0.3986669305236512, 0.010659932164938142, 0.262939027521035, 0.006967074256037944
838, 0.06240368652146283, 0.010659932164938142, 0.04047856044220095, 0.006967074256037944
839, 0.06240368652146283, 0.010659932164938142, 0.04047856044220095, 0.006967074256037944
840, 0.4126809492733832, 0.010659932164938142, 0.2721161505407562, 0.006967074256037944
841, 0.3959905188433902, 0.010659932164938142, 0.26112214616786067, 0.006967074256037944
842, 0.684876291235028, 0.010659932164938142, 0.4536861841058078, 0.006967074256037944
843, 0.012772712605871083, 0.010659932164938142, 0.008177579029337115, 0.006967074256037944
844, 0.011712711549085575, 0.010659932164938142, 0.007511248775590081, 0.006967074256037944
845, 0.019883791428543286, 0.010659932164938142, 0.013447926035505089, 0.006967074256037944
846, 0.03844569392199441, 0.010659932164938142, 0.025486620915306433, 0.006967074256037944
847, 0.01473761913641087, 0.010659932164938142, 0.010129901493812855, 0.006967074256037944
848, 0.04023713793918415, 0.010659932164938142, 0.028032836425899908, 0.006967074256037944
849, 0.014258057564790271, 0.010659932164938142, 0.009038859599907894, 0.006967074256037944
850, 0.030514876297088222, 0.010659932164938142, 0.021375290305200408, 0.006967074256037944
851, 0.29340853565871183, 0.010659932164938142, 0.1930576875521651, 0.006967074256037944
852, 0.1780380007537926, 0.010659932164938142, 0.11683936695900288, 0.006967074256037944
853, 0.017400897038401412, 0.010659932164938142, 0.012102997704367506, 0.006967074256037944
854, 0.013595478922347443, 0.010659932164938142, 0.009279783403985241, 0.006967074256037944
855, 0.052556489028469246, 0.010659932164938142, 0.03423321855908286, 0.006967074256037944
856, 0.07481249440551258, 0.010659932164938142, 0.04885100273772356, 0.006967074256037944
857, 0.013198503092305058, 0.010659932164938142, 0.00878196177925473, 0.006967074256037944
858, 0.3650460008939451, 0.010659932164938142, 0.24091747143845502, 0.006967074256037944
859, 0.043592194498925305, 0.010659932164938142, 0.02836335990416508, 0.006967074256037944
860, 0.33322190512308536, 0.010659932164938142, 0.2198224268435954, 0.006967074256037944
861, 0.11786058665991826, 0.010659932164938142, 0.076762388051623, 0.006967074256037944
862, 0.3611553425325322, 0.010659932164938142, 0.23839980114180248, 0.006967074256037944
863, 0.3464016709585273, 0.010659932164938142, 0.22826288086816915, 0.006967074256037944
864, 0.2991950565954232, 0.010659932164938142, 0.19704934387712805, 0.006967074256037944
865, 0.3867875150075105, 0.010659932164938142, 0.25509658159939147, 0.006967074256037944
866, 0.3587506555323059, 0.010659932164938142, 0.23687270211791203, 0.006967074256037944
867, 0.02886651077343316, 0.010659932164938142, 0.020186163062239273, 0.006967074256037944
868, 0.013402567516740788, 0.010659932164938142, 0.009004270646053102, 0.006967074256037944
869, 0.013213167175521116, 0.010659932164938142, 0.008540094749997095, 0.006967074256037944
870, 0.4334688951111356, 0.010659932164938142, 0.2857019834795296, 0.006967074256037944
871, 0.2837710041922574, 0.010659932164938142, 0.1869105756426183, 0.006967074256037944
872, 0.011812805363228486, 0.010659932164938142, 0.00755109642531043, 0.006967074256037944
873, 0.012677252082700527, 0.010659932164938142, 0.008666058793240202, 0.006967074256037944
874, 0.361561645365657, 0.010659932164938142, 0.23869973536218614, 0.006967074256037944
875, 0.015616579843320625, 0.010659932164938142, 0.010697843720552637, 0.006967074256037944
876, 0.21142511313123363, 0.010659932164938142, 0.13929300903493178, 0.006967074256037944
877, 0.6780427843944549, 0.010659932164938142, 0.4491055956709114, 0.006967074256037944
878, 0.027166044213506806, 0.010659932164938142, 0.01902271113903539, 0.006967074256037944
879, 0.013424534689737479, 0.010659932164938142, 0.009137600881334454, 0.006967074256037944
880, 0.41722253702291984, 0.010659932164938142, 0.275078081312976, 0.006967074256037944
881, 0.3826088096003412, 0.010659932164938142, 0.2524411101469345, 0.006967074256037944
882, 0.02638909063575505, 0.010659932164938142, 0.01845771674471189, 0.006967074256037944
883, 0.37832538282532435, 0.010659932164938142, 0.24973312853474283, 0.006967074256037944
884, 0.480873604686581, 0.010659932164938142, 0.31678678653637216, 0.006967074256037944
885, 0.48551001512263325, 0.010659932164938142, 0.3197402443392036, 0.006967074256037944
886, 0.02123415919059776, 0.010659932164938142, 0.014865125998451016, 0.006967074256037944
887, 0.012427805244407661, 0.010659932164938142, 0.008345293059028985, 0.006967074256037944
888, 0.40894903785291764, 0.010659932164938142, 0.2696984573787336, 0.006967074256037944
889, 0.3546403366074613, 0.010659932164938142, 0.2341030103589252, 0.006967074256037944
890, 0.01220175994750721, 0.010659932164938142, 0.007878621130874924, 0.006967074256037944
891, 0.013988822428913977, 0.010659932164938142, 0.00930747844304639, 0.006967074256037944
892, 0.016609126594340815, 0.010659932164938142, 0.011063810182871912, 0.006967074256037944
893, 0.020306781572155534, 0.010659932164938142, 0.013176334459331753, 0.006967074256037944
894, 0.04447012178263877, 0.010659932164938142, 0.029077712409349282, 0.006967074256037944
895, 0.4352893969228791, 0.010659932164938142, 0.28685743853766094, 0.006967074256037944
896, 0.016530953092587432, 0.010659932164938142, 0.010784837344566112, 0.006967074256037944
897, 0.015854240815001572, 0.010659932164938142, 0.010940388022585982, 0.006967074256037944
898, 0.018664764026630237, 0.010659932164938142, 0.012939053325753758, 0.006967074256037944
899, 0.015382204295456274, 0.010659932164938142, 0.010178894914858955, 0.006967074256037944
900, 0.6403610493402179, 0.010659932164938142, 0.4239523667780438, 0.006967074256037944
901, 0.38664074685272076, 0.010659932164938142, 0.2550893482304993, 0.006967074256037944
902, 0.01533190813959655, 0.010659932164938142, 0.010469277122822898, 0.006967074256037944
903, 0.013254369524967408, 0.010659932164938142, 0.00856032901416551, 0.006967074256037944
904, 0.7221690964991493, 0.010659932164938142, 0.47868157296763286, 0.006967074256037944
905, 0.48263657976842284, 0.010659932164938142, 0.317897152666433, 0.006967074256037944
906, 0.4125379336998247, 0.010659932164938142, 0.27203869381454787, 0.006967074256037944
907, 0.01252128577741504, 0.010659932164938142, 0.008320652346438905, 0.006967074256037944
908, 0.24187982187510806, 0.010659932164938142, 0.15929842896619298, 0.006967074256037944
909, 0.3817958967130813, 0.010659932164938142, 0.2518557413277316, 0.006967074256037944
910, 0.015020701129793071, 0.010659932164938142, 0.00957408606624028, 0.006967074256037944
911, 0.014257994914550633, 0.010659932164938142, 0.00920544158714318, 0.006967074256037944
912, 0.37972709894200135, 0.010659932164938142, 0.25061731920092656, 0.006967074256037944
913, 0.4529643970582875, 0.010659932164938142, 0.29852439720599244, 0.006967074256037944
914, 0.02420365192404883, 0.010659932164938142, 0.016853720245058143, 0.006967074256037944
915, 0.4257027931248252, 0.010659932164938142, 0.2806411088176909, 0.006967074256037944
916, 0.01599391124704139, 0.010659932164938142, 0.011022287854854254, 0.006967074256037944
917, 0.03313657822769585, 0.010659932164938142, 0.02315780188704483, 0.006967074256037944
918, 0.14103745470546702, 0.010659932164938142, 0.09240322478904654, 0.006967074256037944
919, 0.020464792237256127, 0.010659932164938142, 0.014250667504679225, 0.006967074256037944
920, 0.03838962599553264, 0.010659932164938142, 0.025838735855262817, 0.006967074256037944
921, 0.015172266603049404, 0.010659932164938142, 0.010451848047515798, 0.006967074256037944
922, 0.40775089195629266, 0.010659932164938142, 0.2689893451606749, 0.006967074256037944
923, 0.37582959831066437, 0.010659932164938142, 0.24784750750491366, 0.006967074256037944
924, 0.4534360637980094, 0.010659932164938142, 0.29881909669348217, 0.006967074256037944
925, 0.25236136265483894, 0.010659932164938142, 0.16597756341039066, 0.006967074256037944
926, 0.012764871633766788, 0.010659932164938142, 0.008350142133548793, 0.006967074256037944
927, 0.35017128089209465, 0.010659932164938142, 0.2312744531885863, 0.006967074256037944
928, 0.011421387952937682, 0.010659932164938142, 0.007246832664494417, 0.006967074256037944
929, 0.37450075952671374, 0.010659932164938142, 0.24712029828744134, 0.006967074256037944
930, 0.016533577511243423, 0.010659932164938142, 0.011399950599333115, 0.006967074256037944
931, 0.3388400913283558, 0.010659932164938142, 0.22369944643225081, 0.006967074256037944
932, 0.4690873723414343, 0.010659932164938142, 0.3090564234990293, 0.006967074256037944
933, 0.25033956418847464, 0.010659932164938142, 0.16498640683374724, 0.006967074256037944
934, 0.02746542022128687, 0.010659932164938142, 0.017750156123815596, 0.006967074256037944
935, 0.41231826180705633, 0.010659932164938142, 0.2719300747070018, 0.006967074256037944
936, 0.47612112320185307, 0.010659932164938142, 0.31366419942058443, 0.006967074256037944
937, 0.4231733325094398, 0.010659932164938142, 0.27887434295754954, 0.006967074256037944
938, 0.48246028998750906, 0.010659932164938142, 0.31782642497884117, 0.006967074256037944
939, 0.02728557950263738, 0.010659932164938142, 0.01908480158152437, 0.006967074256037944
940, 0.3338631728713849, 0.010659932164938142, 0.22004215033620264, 0.006967074256037944
941, 0.01803981004529361, 0.010659932164938142, 0.01255472865553249, 0.006967074256037944
942, 0.016990392743954162, 0.010659932164938142, 0.011816417963107373, 0.006967074256037944
943, 0.14523096520644263, 0.010659932164938142, 0.09551417661459725, 0.006967074256037944
944, 0.14523096520644263, 0.010659932164938142, 0.09551417661459725, 0.006967074256037944
945, 0.016889243308018213, 0.010659932164938142, 0.01155716319071602, 0.006967074256037944
946, 0.3172495347577935, 0.010659932164938142, 0.20913565434485884, 0.006967074256037944
947, 0.4261969304807266, 0.010659932164938142, 0.28099940662162476, 0.006967074256037944
948, 0.01995312632248499, 0.010659932164938142, 0.01388486282146621, 0.006967074256037944
949, 0.15469808319408235, 0.010659932164938142, 0.10116908108908357, 0.006967074256037944
950, 0.060090408139311026, 0.010659932164938142, 0.039433772574060715, 0.006967074256037944
951, 0.409137916086039, 0.010659932164938142, 0.2697081782092746, 0.006967074256037944
952, 0.03107578193706859, 0.010659932164938142, 0.02172272285121879, 0.006967074256037944
953, 0.023873467411527925, 0.010659932164938142, 0.015105890266028548, 0.006967074256037944
954, 0.38919578476935873, 0.010659932164938142, 0.2567305541852721, 0.006967074256037944
955, 0.4738098696086367, 0.010659932164938142, 0.31217411262214884, 0.006967074256037944
956, 0.6271558651703973, 0.010659932164938142, 0.41513273815407964, 0.006967074256037944
957, 0.3660652677712209, 0.010659932164938142, 0.24151670968796787, 0.006967074256037944
958, 0.46527883173170853, 0.010659932164938142, 0.3064949383963575, 0.006967074256037944
959, 0.09147761530941421, 0.010659932164938142, 0.06002369120289306, 0.006967074256037944
960, 0.014007787896046306, 0.010659932164938142, 0.009645369500572381, 0.006967074256037944
961, 0.38155395610420395, 0.010659932164938142, 0.2517313125580782, 0.006967074256037944
962, 0.024881066136212247, 0.010659932164938142, 0.01593291132811648, 0.006967074256037944
963, 0.42974044598376554, 0.010659932164938142, 0.28330329156569845, 0.006967074256037944
964, 0.020086727336458454, 0.010659932164938142, 0.01403317026350098, 0.006967074256037944
965, 0.3926607113193512, 0.010659932164938142, 0.25903356714155373, 0.006967074256037944
966, 0.34301312341433865, 0.010659932164938142, 0.22623353350561162, 0.006967074256037944
967, 0.2554017319562855, 0.010659932164938142, 0.16811307022142521, 0.006967074256037944
968, 0.42612278547688587, 0.010659932164938142, 0.2809812372569334, 0.006967074256037944
969, 0.36058422853117494, 0.010659932164938142, 0.23808583132395633, 0.006967074256037944
970, 0.043277500415948245, 0.010659932164938142, 0.02874714925726993, 0.006967074256037944
971, 0.014690585672094332, 0.010659932164938142, 0.009885546459704018, 0.006967074256037944
972, 0.019658790015733524, 0.010659932164938142, 0.013723904992608497, 0.006967074256037944
973, 0.19608769483994726, 0.010659932164938142, 0.12914732369339363, 0.006967074256037944
974, 0.018678936229494906, 0.010659932164938142, 0.012907840414857964, 0.006967074256037944
975, 0.027728134933643737, 0.010659932164938142, 0.01938435108024615, 0.006967074256037944
976, 0.014372696845286251, 0.010659932164938142, 0.009386586082949875, 0.006967074256037944
977, 0.012249078553967807, 0.010659932164938142, 0.0077347830832904625, 0.006967074256037944
978, 0.054903195929282576, 0.010659932164938142, 0.035562270663932645, 0.006967074256037944
979, 0.024688828100902213, 0.010659932164938142, 0.017312393951072074, 0.006967074256037944
980, 0.1453398038025006, 0.010659932164938142, 0.09540805167816008, 0.006967074256037944
981, 0.4237982253514732, 0.010659932164938142, 0.27940699627528787, 0.006967074256037944
982, 0.38310484447850207, 0.010659932164938142, 0.2525342628577312, 0.006967074256037944
983, 0.47795308764931715, 0.010659932164938142, 0.3149049460870336, 0.006967074256037944
984, 0.3085660333896952, 0.010659932164938142, 0.20355865334345732, 0.006967074256037944
985, 0.02438221631035139, 0.010659932164938142, 0.017058243362743458, 0.006967074256037944
986, 0.01369166910311003, 0.010659932164938142, 0.009047714565047936, 0.006967074256037944
987, 0.013750905972820887, 0.010659932164938142, 0.009072834690256671, 0.006967074256037944
988, 0.16009478698430452, 0.010659932164938142, 0.10509729413078904, 0.006967074256037944
989, 0.16009478698430452, 0.010659932164938142, 0.10509729413078904, 0.006967074256037944
990, 0.012091500160319018, 0.010659932164938142, 0.007777234431997736, 0.006967074256037944
991, 0.2215314210161929, 0.010659932164938142, 0.14559499494226452, 0.006967074256037944
992, 0.3919838355914164, 0.010659932164938142, 0.25845664807031965, 0.006967074256037944
993, 0.35241767748847186, 0.010659932164938142, 0.23207950662755827, 0.006967074256037944
994, 0.029254447761418414, 0.010659932164938142, 0.02048947731809425, 0.006967074256037944
995, 0.47873193442070605, 0.010659932164938142, 0.3153352432904766, 0.006967074256037944
996, 0.02494905446515874, 0.010659932164938142, 0.017435228513470253, 0.006967074256037944
997, 0.014935439268423516, 0.010659932164938142, 0.009560061681835088, 0.006967074256037944
998, 0.034348205266072886, 0.010659932164938142, 0.0240069508516543, 0.006967074256037944
999, 0.01266119756223421, 0.010659932164938142, 0.008134614973958768, 0.006967074256037944
1000, 0.014124055856409716, 0.010659932164938142, 0.009491371024445815, 0.006967074256037944
