-1, -1, inf, inf, inf, inf
0, 0, 0.08770879656759674, 0.08770879656759674, 0.05722290234139483, 0.05722290234139483
0, 1, 0.3887925051728377, 0.08770879656759674, 0.25646764506745706, 0.05722290234139483
0, 2, 0.4381137687266657, 0.08770879656759674, 0.2887773011122583, 0.05722290234139483
0, 3, 0.41134821379006387, 0.08770879656759674, 0.2712412936973833, 0.05722290234139483
0, 4, 0.014450811990313615, 0.014450811990313615, 0.029621040236858358, 0.029621040236858358
0, 5, 0.03208816227896828, 0.014450811990313615, 0.02237547665054804, 0.029621040236858358
0, 6, 0.02187638270649312, 0.014450811990313615, 0.015052119783064415, 0.029621040236858358
0, 7, 0.3962805024126412, 0.014450811990313615, 0.019531040835340096, 0.019531040835340096
0, 8, 0.39325641339239215, 0.014450811990313615, 0.2593345096243847, 0.019531040835340096
0, 9, 0.014944911644782016, 0.014450811990313615, 0.009939727003387562, 0.019531040835340096
1, 0, 0.3701258902332546, 0.014450811990313615, 0.24416622088956566, 0.009621040236858358
1, 1, 0.03361515728235646, 0.014450811990313615, 0.02166065754079335, 0.009621040236858358
1, 2, 0.4397657643224214, 0.014450811990313615, 0.2898473508066943, 0.009621040236858358
1, 3, 0.2786362001855899, 0.014450811990313615, 0.18333518461144646, 0.009621040236858358
1, 4, 0.014456642021769788, 0.014450811990313615, 0.009624692760977618, 0.009621040236858358
1, 5, 0.029083439401841858, 0.014450811990313615, 0.02026995290496987, 0.009621040236858358
1, 6, 0.018446810591782544, 0.014450811990313615, 0.012741163731910955, 0.009621040236858358
1, 7, 0.10487392459328272, 0.014450811990313615, 0.0683435979563793, 0.009621040236858358
1, 8, 0.30793111175028326, 0.014450811990313615, 0.2028207000129432, 0.009621040236858358
1, 9, 0.016806927665599842, 0.014450811990313615, 0.011034982897708259, 0.009621040236858358
2, 0, 0.030777537769174853, 0.014450811990313615, 0.019930588098555278, 0.009621040236858358
2, 1, 0.01516265881056905, 0.014450811990313615, 0.010032933431034069, 0.009621040236858358
2, 2, 0.437139881983564, 0.014450811990313615, 0.2881019327709053, 0.009621040236858358
2, 3, 0.03971242302906571, 0.014450811990313615, 0.026133357791951996, 0.009621040236858358
2, 4, 0.01445813804215726, 0.014450811990313615, 0.00962584228415968, 0.009621040236858358
2, 5, 0.02168848380570423, 0.014450811990313615, 0.015068181701545722, 0.009621040236858358
2, 6, 0.014974097744768766, 0.014450811990313615, 0.010258252083867917, 0.009621040236858358
2, 7, 0.021948089227813432, 0.014450811990313615, 0.01529909582213023, 0.009621040236858358
2, 8, 0.06965354856131582, 0.014450811990313615, 0.04548000949884661, 0.009621040236858358
2, 9, 0.02007167751703546, 0.014450811990313615, 0.013073009784019747, 0.009621040236858358
3, 0, 0.015742957259998424, 0.014450811990313615, 0.010709595452278913, 0.009621040236858358
3, 1, 0.012834489233008662, 0.012834489233008662, 0.008579266969847092, 0.008579266969847092
3, 2, 0.2766923936772575, 0.012834489233008662, 0.18200845679600752, 0.008579266969847092
3, 3, 0.016008201709618093, 0.012834489233008662, 0.01073687151504662, 0.008579266969847092
3, 4, 0.014563189878475121, 0.012834489233008662, 0.009696456754116295, 0.008579266969847092
3, 5, 0.014883529901670021, 0.012834489233008662, 0.010122202562424897, 0.008579266969847092
3, 6, 0.013591124077215576, 0.012834489233008662, 0.009162502972348363, 0.008579266969847092
3, 7, 0.01874634731494208, 0.012834489233008662, 0.013006404339760415, 0.008579266969847092
3, 8, 0.019710249208752972, 0.012834489233008662, 0.012840993644422642, 0.008579266969847092
3, 9, 0.01742581739576818, 0.012834489233008662, 0.011398279744371338, 0.008579266969847092
4, 0, 0.013219710417978824, 0.012834489233008662, 0.00880314793613454, 0.008579266969847092
4, 1, 0.013249766223072553, 0.012834489233008662, 0.008783421455140437, 0.008579266969847092
4, 2, 0.018312333240478817, 0.012834489233008662, 0.011850041330622339, 0.008579266969847092
4, 3, 0.015037830320691779, 0.012834489233008662, 0.009981152009360887, 0.008579266969847092
4, 4, 0.014054611396834697, 0.012834489233008662, 0.009366047320327933, 0.008579266969847092
4, 5, 0.013115675633017233, 0.013115675633017233, 0.008548976776765072, 0.008548976776765072
4, 6, 0.016342566106623067, 0.013115675633017233, 0.010762447038866446, 0.008548976776765072
4, 7, 0.017566105628456608, 0.013115675633017233, 0.011920319005403484, 0.008548976776765072
4, 8, 0.014905518959879622, 0.013115675633017233, 0.009836163576077828, 0.008548976776765072
4, 9, 0.0162238541076419, 0.013115675633017233, 0.010631623980911503, 0.008548976776765072
5, 0, 0.028141495986074662, 0.013115675633017233, 0.018377983415105284, 0.008548976776765072
5, 1, 0.02986394337720744, 0.013115675633017233, 0.019745292927744077, 0.008548976776765072
5, 2, 0.016544389440887496, 0.013115675633017233, 0.010796993302120786, 0.008548976776765072
5, 3, 0.01577205065307529, 0.013115675633017233, 0.010232438969358151, 0.008548976776765072
5, 4, 0.013838930560280153, 0.013115675633017233, 0.009225783696366986, 0.008548976776765072
5, 5, 0.01755536578504902, 0.013115675633017233, 0.011038539159990257, 0.008548976776765072
5, 6, 0.030049049897065024, 0.013115675633017233, 0.01969916299272886, 0.008548976776765072
5, 7, 0.02544458908533588, 0.013115675633017233, 0.01666538139056354, 0.008548976776765072
5, 8, 0.022249506308746083, 0.013115675633017233, 0.014502940544239172, 0.008548976776765072
5, 9, 0.01996537427897377, 0.013115675633017233, 0.012907911902542238, 0.008548976776765072
6, 0, 0.027934611016946453, 0.013115675633017233, 0.017953560011593015, 0.008548976776765072
6, 1, 0.01553074561890808, 0.013115675633017233, 0.010183585194213378, 0.008548976776765072
6, 2, 0.03048365107991589, 0.013115675633017233, 0.019858395599158585, 0.008548976776765072
6, 3, 0.020970806681293155, 0.013115675633017233, 0.013367157425589611, 0.008548976776765072
6, 4, 0.013463975754717401, 0.013115675633017233, 0.008829214732358386, 0.008548976776765072
6, 5, 0.02813240287203743, 0.013115675633017233, 0.01773287861113947, 0.008548976776765072
6, 6, 0.03171912078894089, 0.013115675633017233, 0.020589124383927387, 0.008548976776765072
6, 7, 0.02929231069715374, 0.013115675633017233, 0.018736832391574955, 0.008548976776765072
6, 8, 0.034865938734240716, 0.013115675633017233, 0.022603445430873188, 0.008548976776765072
6, 9, 0.014211046470804619, 0.013115675633017233, 0.009202571503478653, 0.008548976776765072
7, 0, 0.028291364558211136, 0.013115675633017233, 0.018066662266529802, 0.008548976776765072
7, 1, 0.01333770841344257, 0.013115675633017233, 0.00857263698289099, 0.008548976776765072
7, 2, 0.030813956492285143, 0.013115675633017233, 0.01990004697697451, 0.008548976776765072
7, 3, 0.019897556893623384, 0.013115675633017233, 0.01252219705823386, 0.008548976776765072
7, 4, 0.014402822768377694, 0.013115675633017233, 0.00918497489291623, 0.008548976776765072
7, 5, 0.030101762539125866, 0.013115675633017233, 0.018970930198218428, 0.008548976776765072
7, 6, 0.0197118935112469, 0.013115675633017233, 0.012440134907208822, 0.008548976776765072
7, 7, 0.030199062345546684, 0.013115675633017233, 0.019370239582018594, 0.008548976776765072
7, 8, 0.035195422105187495, 0.013115675633017233, 0.022678093144835026, 0.008548976776765072
7, 9, 0.0195254182578596, 0.013115675633017233, 0.012387005297436228, 0.008548976776765072
8, 0, 0.029692076118266117, 0.013115675633017233, 0.018932347850349737, 0.008548976776765072
8, 1, 0.018640138796543658, 0.013115675633017233, 0.011774550181084783, 0.008548976776765072
8, 2, 0.032242049349931044, 0.013115675633017233, 0.020675914071519298, 0.008548976776765072
8, 3, 0.018873059213658595, 0.013115675633017233, 0.011786469278163354, 0.008548976776765072
8, 4, 0.01756990842911155, 0.013115675633017233, 0.011056699586602929, 0.008548976776765072
8, 5, 0.03271867650936992, 0.013115675633017233, 0.020709164296313053, 0.008548976776765072
8, 6, 0.014379068080861044, 0.013115675633017233, 0.00921186585427841, 0.008548976776765072
8, 7, 0.02918361406673652, 0.013115675633017233, 0.018852610857582084, 0.008548976776765072
8, 8, 0.024149257601305436, 0.013115675633017233, 0.015302900214819032, 0.008548976776765072
8, 9, 0.025974719224619722, 0.013115675633017233, 0.016467907228344823, 0.008548976776765072
9, 0, 0.01657710842258395, 0.013115675633017233, 0.010374181169826172, 0.008548976776765072
9, 1, 0.02248668417704149, 0.013115675633017233, 0.01425701900885313, 0.008548976776765072
9, 2, 0.030793182168688614, 0.013115675633017233, 0.019799920819690026, 0.008548976776765072
9, 3, 0.020298306428124902, 0.013115675633017233, 0.012718003405766093, 0.008548976776765072
9, 4, 0.019631878127568232, 0.013115675633017233, 0.012308511110402534, 0.008548976776765072
9, 5, 0.02033041421658773, 0.013115675633017233, 0.01276781175991283, 0.008548976776765072
9, 6, 0.013221665226013125, 0.013115675633017233, 0.008745316201161264, 0.008548976776765072
9, 7, 0.016699462141500965, 0.013115675633017233, 0.010700652297478531, 0.008548976776765072
9, 8, 0.019557855799613492, 0.013115675633017233, 0.012487864146354402, 0.008548976776765072
9, 9, 0.02373171315335088, 0.013115675633017233, 0.014884280593562426, 0.008548976776765072
10, 0, 0.032838842919772605, 0.013115675633017233, 0.021003525344272567, 0.008548976776765072
10, 1, 0.021790845810608226, 0.013115675633017233, 0.013884194322162549, 0.008548976776765072
10, 2, 0.017625444197745078, 0.013115675633017233, 0.011282660636258593, 0.008548976776765072
10, 3, 0.02656165115662922, 0.013115675633017233, 0.016818585772666917, 0.008548976776765072
10, 4, 0.019064461176513635, 0.013115675633017233, 0.011910604540651142, 0.008548976776765072
10, 5, 0.01291384556715611, 0.01291384556715611, 0.00834560834568072, 0.00834560834568072
10, 6, 0.014173135733881204, 0.01291384556715611, 0.009587747831600915, 0.00834560834568072
10, 7, 0.013208183615521441, 0.01291384556715611, 0.008570357632598247, 0.00834560834568072
10, 8, 0.01589103678039176, 0.01291384556715611, 0.010396555784233564, 0.00834560834568072
10, 9, 0.015213602392755217, 0.01291384556715611, 0.009494824198199933, 0.00834560834568072
11, 0, 0.08577356967185501, 0.01291384556715611, 0.05611429841249945, 0.00834560834568072
11, 1, 0.01601287155740603, 0.01291384556715611, 0.010432450240378302, 0.00834560834568072
11, 2, 0.012596196014651907, 0.012596196014651907, 0.008280296897803784, 0.008280296897803784
11, 3, 0.023432686346844988, 0.012596196014651907, 0.014975048592369084, 0.008280296897803784
11, 4, 0.0141147042094121, 0.012596196014651907, 0.009000327485809045, 0.008280296897803784
11, 5, 0.012932364783011687, 0.012596196014651907, 0.008635233715506367, 0.008280296897803784
11, 6, 0.014869812951799394, 0.012596196014651907, 0.010160321976466158, 0.008280296897803784
11, 7, 0.012793267925979426, 0.012596196014651907, 0.008476400913678656, 0.008280296897803784
11, 8, 0.017304909042048167, 0.012596196014651907, 0.011501111445637516, 0.008280296897803784
11, 9, 0.013103379344016217, 0.012596196014651907, 0.008352898135593957, 0.008280296897803784
12, 0, 0.02554334720996557, 0.012596196014651907, 0.016882217903661376, 0.008280296897803784
12, 1, 0.013628863813503938, 0.012596196014651907, 0.009247043275898856, 0.008280296897803784
12, 2, 0.0161847961845337, 0.012596196014651907, 0.010698366219589415, 0.008280296897803784
12, 3, 0.016812401319876945, 0.012596196014651907, 0.011152845272276174, 0.008280296897803784
12, 4, 0.013683786665588097, 0.012596196014651907, 0.009174425505088147, 0.008280296897803784
12, 5, 0.01401714109625283, 0.012596196014651907, 0.009567038891233092, 0.008280296897803784
12, 6, 0.014524321523012472, 0.012596196014651907, 0.0099269262995683, 0.008280296897803784
12, 7, 0.01554558416742627, 0.012596196014651907, 0.010122746396838625, 0.008280296897803784
12, 8, 0.019207583736862564, 0.012596196014651907, 0.012906333387255319, 0.008280296897803784
12, 9, 0.012520072054881468, 0.012596196014651907, 0.008317132126949504, 0.008280296897803784
13, 0, 0.019759864671286282, 0.012596196014651907, 0.013712953698890905, 0.008280296897803784
13, 1, 0.01461509188747196, 0.012596196014651907, 0.010065036969395357, 0.008280296897803784
13, 2, 0.03360370034675674, 0.012596196014651907, 0.021701743022013678, 0.008280296897803784
13, 3, 0.01796994698909661, 0.012596196014651907, 0.012349325778490126, 0.008280296897803784
13, 4, 0.017178517694330937, 0.012596196014651907, 0.01163322126965563, 0.008280296897803784
13, 5, 0.014021777766125737, 0.012596196014651907, 0.009587464894729924, 0.008280296897803784
13, 6, 0.014028049757804167, 0.012596196014651907, 0.0094972539743599, 0.008280296897803784
13, 7, 0.1117723228968649, 0.012596196014651907, 0.07291818419231523, 0.008280296897803784
13, 8, 0.020295473782353694, 0.012596196014651907, 0.013397978571060358, 0.008280296897803784
13, 9, 0.016122139506384275, 0.012596196014651907, 0.01100780960240673, 0.008280296897803784
14, 0, 0.02332678163978187, 0.012596196014651907, 0.016111471720784625, 0.008280296897803784
14, 1, 0.016160291180525376, 0.012596196014651907, 0.011220082381633259, 0.008280296897803784
14, 2, 0.12823326815209696, 0.012596196014651907, 0.08405008914929928, 0.008280296897803784
14, 3, 0.022276706649339298, 0.012596196014651907, 0.015522770601338146, 0.008280296897803784
14, 4, 0.02649201785909401, 0.012596196014651907, 0.017193317952925082, 0.008280296897803784
14, 5, 0.014982876743454368, 0.012596196014651907, 0.009890298646079649, 0.008280296897803784
14, 6, 0.014499517918639713, 0.012596196014651907, 0.009564893922733264, 0.008280296897803784
14, 7, 0.23986588033569167, 0.012596196014651907, 0.15768958044839532, 0.008280296897803784
14, 8, 0.03635104650591755, 0.012596196014651907, 0.023564669406096726, 0.008280296897803784
14, 9, 0.021817943834183666, 0.012596196014651907, 0.014813785816205871, 0.008280296897803784
15, 0, 0.037221433419755694, 0.012596196014651907, 0.025214417211101642, 0.008280296897803784
15, 1, 0.01601710264548482, 0.012596196014651907, 0.011120991611037601, 0.008280296897803784
15, 2, 0.2015890322037775, 0.012596196014651907, 0.13235598320690875, 0.008280296897803784
15, 3, 0.021946802959415704, 0.012596196014651907, 0.015295048170622036, 0.008280296897803784
15, 4, 0.048422428200686984, 0.012596196014651907, 0.031453225541398504, 0.008280296897803784
15, 5, 0.04250378159804157, 0.012596196014651907, 0.027402723598827092, 0.008280296897803784
15, 6, 0.016867345892022986, 0.012596196014651907, 0.01096019236430451, 0.008280296897803784
15, 7, 0.09126345569267845, 0.012596196014651907, 0.05959444245262572, 0.008280296897803784
15, 8, 0.04821920043828628, 0.012596196014651907, 0.031227214979149983, 0.008280296897803784
15, 9, 0.11875894966096677, 0.012596196014651907, 0.07800528123211249, 0.008280296897803784
16, 0, 0.029747976873689755, 0.012596196014651907, 0.019849771845906264, 0.008280296897803784
16, 1, 0.014586480934568876, 0.012596196014651907, 0.009988569964985409, 0.008280296897803784
16, 2, 0.029637442683313146, 0.012596196014651907, 0.019073430387325573, 0.008280296897803784
16, 3, 0.0184758805672686, 0.012596196014651907, 0.012818935885779238, 0.008280296897803784
16, 4, 0.019440866014539836, 0.012596196014651907, 0.012554812299741876, 0.008280296897803784
16, 5, 0.10568293516084697, 0.012596196014651907, 0.06905436158502236, 0.008280296897803784
16, 6, 0.01709700261907013, 0.012596196014651907, 0.011069988225044505, 0.008280296897803784
16, 7, 0.014487192862335086, 0.012596196014651907, 0.009550393710423362, 0.008280296897803784
16, 8, 0.037700625081191756, 0.012596196014651907, 0.02414945183420428, 0.008280296897803784
16, 9, 0.3830032547472765, 0.012596196014651907, 0.25207579977096206, 0.008280296897803784
17, 0, 0.026515433258010666, 0.012596196014651907, 0.017349445765412946, 0.008280296897803784
17, 1, 0.015297181561787129, 0.012596196014651907, 0.01008408161710391, 0.008280296897803784
17, 2, 0.015978882246582716, 0.012596196014651907, 0.010477657403422791, 0.008280296897803784
17, 3, 0.013842375643324096, 0.012596196014651907, 0.00930822003429952, 0.008280296897803784
17, 4, 0.014833107407238488, 0.012596196014651907, 0.009655333533662243, 0.008280296897803784
17, 5, 0.06188614698638847, 0.012596196014651907, 0.04004925985559429, 0.008280296897803784
17, 6, 0.014856180139020082, 0.012596196014651907, 0.009691902805438352, 0.008280296897803784
17, 7, 0.012793063293496533, 0.012596196014651907, 0.008370438540753929, 0.008280296897803784
17, 8, 0.021075566304390815, 0.012596196014651907, 0.01335596520707672, 0.008280296897803784
17, 9, 0.11254417667468208, 0.012596196014651907, 0.0738075228032944, 0.008280296897803784
18, 0, 0.017494530150515077, 0.012596196014651907, 0.011127963965325583, 0.008280296897803784
18, 1, 0.020086987167815068, 0.012596196014651907, 0.012961097424171265, 0.008280296897803784
18, 2, 0.012997123374182094, 0.012596196014651907, 0.00847260359115996, 0.008280296897803784
18, 3, 0.013740009704517029, 0.012596196014651907, 0.008811682691797263, 0.008280296897803784
18, 4, 0.01737487792663073, 0.012596196014651907, 0.010954311939458729, 0.008280296897803784
18, 5, 0.021183705442325305, 0.012596196014651907, 0.013482308089841645, 0.008280296897803784
18, 6, 0.013261686452622781, 0.012596196014651907, 0.00871485738841622, 0.008280296897803784
18, 7, 0.014300315139840099, 0.012596196014651907, 0.009167116697881417, 0.008280296897803784
18, 8, 0.03072851706272124, 0.012596196014651907, 0.019853190521210207, 0.008280296897803784
18, 9, 0.016627523370330254, 0.012596196014651907, 0.010478095804179077, 0.008280296897803784
19, 0, 0.018799277893623706, 0.012596196014651907, 0.011784545968373259, 0.008280296897803784
19, 1, 0.02047791367642862, 0.012596196014651907, 0.01306695487943068, 0.008280296897803784
19, 2, 0.018575528610070054, 0.012596196014651907, 0.01196685907611514, 0.008280296897803784
19, 3, 0.01812139894650622, 0.012596196014651907, 0.011321528911287744, 0.008280296897803784
19, 4, 0.031366820264640716, 0.012596196014651907, 0.020101987186592323, 0.008280296897803784
19, 5, 0.016336408022012007, 0.012596196014651907, 0.010376131809800895, 0.008280296897803784
19, 6, 0.013351907072306162, 0.012596196014651907, 0.008673805029045899, 0.008280296897803784
19, 7, 0.017251640401400387, 0.012596196014651907, 0.010997972365908833, 0.008280296897803784
19, 8, 0.03036044947304118, 0.012596196014651907, 0.019772305799815374, 0.008280296897803784
19, 9, 0.02021540538212597, 0.012596196014651907, 0.012672628281490796, 0.008280296897803784
20, 0, 0.047459036613289804, 0.012596196014651907, 0.03040505410923758, 0.008280296897803784
20, 1, 0.01518936374847459, 0.012596196014651907, 0.009677540707599132, 0.008280296897803784
20, 2, 0.02886176704673185, 0.012596196014651907, 0.018780980604401736, 0.008280296897803784
20, 3, 0.021786616347494788, 0.012596196014651907, 0.013597075808994788, 0.008280296897803784
20, 4, 0.03142428173246282, 0.012596196014651907, 0.020201942285179214, 0.008280296897803784
20, 5, 0.029005351053541975, 0.012596196014651907, 0.0187876694729725, 0.008280296897803784
20, 6, 0.014165960508032807, 0.012596196014651907, 0.009108294723749756, 0.008280296897803784
20, 7, 0.017465715041566552, 0.012596196014651907, 0.011133842298300908, 0.008280296897803784
20, 8, 0.03138448383534968, 0.012596196014651907, 0.02070891241430425, 0.008280296897803784
20, 9, 0.021200112599504214, 0.012596196014651907, 0.013324899466590061, 0.008280296897803784
21, 0, 0.02407228492611015, 0.012596196014651907, 0.015294901344476705, 0.008280296897803784
21, 1, 0.01468593706404395, 0.012596196014651907, 0.009451129510582704, 0.008280296897803784
21, 2, 0.028074545317720443, 0.012596196014651907, 0.018226645445537443, 0.008280296897803784
21, 3, 0.02142622780563059, 0.012596196014651907, 0.01341683642165996, 0.008280296897803784
21, 4, 0.02971621156757278, 0.012596196014651907, 0.019194827392351343, 0.008280296897803784
21, 5, 0.02875956604434087, 0.012596196014651907, 0.018688131397394298, 0.008280296897803784
21, 6, 0.015456196534593993, 0.012596196014651907, 0.0099226991814421, 0.008280296897803784
21, 7, 0.01564893645642445, 0.012596196014651907, 0.010029828740079615, 0.008280296897803784
21, 8, 0.01881936800856233, 0.012596196014651907, 0.012592894218976485, 0.008280296897803784
21, 9, 0.016161311062861377, 0.012596196014651907, 0.010108540853813375, 0.008280296897803784
22, 0, 0.01470618812329054, 0.012596196014651907, 0.009472363781350102, 0.008280296897803784
22, 1, 0.029354085285651962, 0.012596196014651907, 0.019272266040124365, 0.008280296897803784
22, 2, 0.017887398015851836, 0.012596196014651907, 0.011501624818493332, 0.008280296897803784
22, 3, 0.028807987424644993, 0.012596196014651907, 0.01864261620016023, 0.008280296897803784
22, 4, 0.02978875934291617, 0.012596196014651907, 0.01956151335333883, 0.008280296897803784
22, 5, 0.028317686629205203, 0.012596196014651907, 0.018529141512258224, 0.008280296897803784
22, 6, 0.013010385456687281, 0.012596196014651907, 0.008402624072023404, 0.008280296897803784
22, 7, 0.0135284558265858, 0.012596196014651907, 0.00877051851712047, 0.008280296897803784
22, 8, 0.013674037387888804, 0.012596196014651907, 0.009232890893398245, 0.008280296897803784
22, 9, 0.013300690944711875, 0.012596196014651907, 0.008488287088418693, 0.008280296897803784
23, 0, 0.017941505355264696, 0.012596196014651907, 0.01193654936018182, 0.008280296897803784
23, 1, 0.029779954223677213, 0.012596196014651907, 0.019630629782133088, 0.008280296897803784
23, 2, 0.012616957599849153, 0.012616957599849153, 0.008119796688209481, 0.008119796688209481
23, 3, 0.013536964873003607, 0.012616957599849153, 0.008835120443946317, 0.008119796688209481
23, 4, 0.013245641459730704, 0.012616957599849153, 0.008919346020256045, 0.008119796688209481
23, 5, 0.012058273914372794, 0.012058273914372794, 0.007877995824540627, 0.007877995824540627
23, 6, 0.01209861943309127, 0.012058273914372794, 0.007880056075745512, 0.007877995824540627
23, 7, 0.013002432938192372, 0.012058273914372794, 0.008534484189951785, 0.007877995824540627
23, 8, 0.01331752217678065, 0.012058273914372794, 0.008920154227616026, 0.007877995824540627
23, 9, 0.015895942281382566, 0.012058273914372794, 0.010306338764828055, 0.007877995824540627
24, 0, 0.03149856546661461, 0.012058273914372794, 0.021198628893488374, 0.007877995824540627
24, 1, 0.018512075302336, 0.012058273914372794, 0.01221340725546103, 0.007877995824540627
24, 2, 0.012865733496691081, 0.012058273914372794, 0.008359703326271836, 0.007877995824540627
24, 3, 0.013770900288901185, 0.012058273914372794, 0.009260451701519444, 0.007877995824540627
24, 4, 0.014414501271071476, 0.012058273914372794, 0.009912078588603667, 0.007877995824540627
24, 5, 0.011604095920165983, 0.011604095920165983, 0.0076740207704177115, 0.0076740207704177115
24, 6, 0.013718577521821084, 0.011604095920165983, 0.008872555376347417, 0.0076740207704177115
24, 7, 0.013383643475720035, 0.011604095920165983, 0.008805113453803514, 0.0076740207704177115
24, 8, 0.01274342401329224, 0.011604095920165983, 0.008438557367374519, 0.0076740207704177115
24, 9, 0.1396454059291367, 0.011604095920165983, 0.09188456425547074, 0.0076740207704177115
25, 0, 0.03846275541528794, 0.011604095920165983, 0.025963384727690882, 0.0076740207704177115
25, 1, 0.01153268754298514, 0.011604095920165983, 0.007735350556033071, 0.0076740207704177115
25, 2, 0.014573141825502779, 0.011604095920165983, 0.009509103194331315, 0.0076740207704177115
25, 3, 0.014810138324910823, 0.011604095920165983, 0.010132112800060617, 0.0076740207704177115
25, 4, 0.015611557816234764, 0.011604095920165983, 0.010841941895652922, 0.0076740207704177115
25, 5, 0.015796412514026453, 0.011604095920165983, 0.01028600082823466, 0.0076740207704177115
25, 6, 0.017524114339943192, 0.011604095920165983, 0.011308346200604119, 0.0076740207704177115
25, 7, 0.013597998313067225, 0.011604095920165983, 0.008979126850231882, 0.0076740207704177115
25, 8, 0.012909032343001893, 0.011604095920165983, 0.008409438949109567, 0.0076740207704177115
25, 9, 0.2773428269355084, 0.011604095920165983, 0.18229815561894794, 0.0076740207704177115
26, 0, 0.014421670381094197, 0.011604095920165983, 0.009990856910712156, 0.0076740207704177115
26, 1, 0.013941883208076501, 0.011604095920165983, 0.009207269015018288, 0.0076740207704177115
26, 2, 0.017489528107146404, 0.011604095920165983, 0.01139602898786196, 0.0076740207704177115
26, 3, 0.015427584384458692, 0.011604095920165983, 0.010627421728753158, 0.0076740207704177115
26, 4, 0.014697644452029117, 0.011604095920165983, 0.010177599738146246, 0.0076740207704177115
26, 5, 0.021217873001554602, 0.011604095920165983, 0.013792384042554355, 0.0076740207704177115
26, 6, 0.017746594935484663, 0.011604095920165983, 0.011539155738818129, 0.0076740207704177115
26, 7, 0.017746594935484663, 0.011604095920165983, 0.011539155738818129, 0.0076740207704177115
26, 8, 0.014944659767362308, 0.011604095920165983, 0.009638973075480417, 0.0076740207704177115
26, 9, 0.0705946701394252, 0.011604095920165983, 0.046381731129169386, 0.0076740207704177115
27, 0, 0.014389277127724287, 0.011604095920165983, 0.009706410371657979, 0.0076740207704177115
27, 1, 0.02849573726798656, 0.011604095920165983, 0.018629222087664005, 0.0076740207704177115
27, 2, 0.016989546436642626, 0.011604095920165983, 0.011137995235313931, 0.0076740207704177115
27, 3, 0.013149808291334287, 0.011604095920165983, 0.008950989180621023, 0.0076740207704177115
27, 4, 0.012154273810465464, 0.011604095920165983, 0.008258381836466653, 0.0076740207704177115
27, 5, 0.021467794014000435, 0.011604095920165983, 0.013981426559858545, 0.0076740207704177115
27, 6, 0.016309164128470437, 0.011604095920165983, 0.010603469113708032, 0.0076740207704177115
27, 7, 0.012592075665767505, 0.011604095920165983, 0.008237172360893741, 0.0076740207704177115
27, 8, 0.017157427243207683, 0.011604095920165983, 0.01107119824643249, 0.0076740207704177115
27, 9, 0.01388134617664302, 0.011604095920165983, 0.009451025851108673, 0.0076740207704177115
28, 0, 0.056438793860011834, 0.011604095920165983, 0.03707617100179622, 0.0076740207704177115
28, 1, 0.020440965722742583, 0.011604095920165983, 0.013352970135331628, 0.0076740207704177115
28, 2, 0.013708894893210529, 0.011604095920165983, 0.009071217381749737, 0.0076740207704177115
28, 3, 0.011711465967507282, 0.011604095920165983, 0.007820086912791952, 0.0076740207704177115
28, 4, 0.011315367317608698, 0.011315367317608698, 0.007472663466195181, 0.007472663466195181
28, 5, 0.017769627038387834, 0.011315367317608698, 0.011577794102664142, 0.007472663466195181
28, 6, 0.013743452192562783, 0.011315367317608698, 0.00895437220989354, 0.007472663466195181
28, 7, 0.012965681032877638, 0.011315367317608698, 0.008390467671663775, 0.007472663466195181
28, 8, 0.0189806096604891, 0.011315367317608698, 0.012286424719918415, 0.007472663466195181
28, 9, 0.014873725065518846, 0.011315367317608698, 0.009890439893190371, 0.007472663466195181
29, 0, 0.12719693452971223, 0.011315367317608698, 0.08365548725023991, 0.007472663466195181
29, 1, 0.012508956156748482, 0.011315367317608698, 0.008360816850020809, 0.007472663466195181
29, 2, 0.011647402504787198, 0.011315367317608698, 0.0077592192690227, 0.007472663466195181
29, 3, 0.011189863218000452, 0.011189863218000452, 0.007297466546811653, 0.007297466546811653
29, 4, 0.012614962797204038, 0.011189863218000452, 0.008062943337599996, 0.007297466546811653
29, 5, 0.012272131175608316, 0.011189863218000452, 0.008103537336339232, 0.007297466546811653
29, 6, 0.011588498503607717, 0.011189863218000452, 0.007514084629445015, 0.007297466546811653
29, 7, 0.012710477502327762, 0.011189863218000452, 0.008161346602719161, 0.007297466546811653
29, 8, 0.014793252978655169, 0.011189863218000452, 0.00959900883976955, 0.007297466546811653
29, 9, 0.02795726132347017, 0.011189863218000452, 0.01829005909055877, 0.007297466546811653
30, 0, 0.05044845501391212, 0.011189863218000452, 0.03261130393380245, 0.007297466546811653
30, 1, 0.010951312219818245, 0.011189863218000452, 0.007308709228127559, 0.007297466546811653
30, 2, 0.013273157768123094, 0.011189863218000452, 0.008697800043458194, 0.007297466546811653
30, 3, 0.011698260499031977, 0.011189863218000452, 0.007484570108327601, 0.007297466546811653
30, 4, 0.014395942443041038, 0.011189863218000452, 0.00907103681955414, 0.007297466546811653
30, 5, 0.011072395624615575, 0.011189863218000452, 0.007312677253736385, 0.007297466546811653
30, 6, 0.012379704161598956, 0.011189863218000452, 0.007861569161932503, 0.007297466546811653
30, 7, 0.015152725049594654, 0.011189863218000452, 0.009584678536308074, 0.007297466546811653
30, 8, 0.012503540948064353, 0.011189863218000452, 0.008160890160700115, 0.007297466546811653
30, 9, 0.026126530166411383, 0.011189863218000452, 0.01693199184688515, 0.007297466546811653
31, 0, 0.01874508012952057, 0.011189863218000452, 0.011906674918614905, 0.007297466546811653
31, 1, 0.02804599886888785, 0.011189863218000452, 0.018452488027425138, 0.007297466546811653
31, 2, 0.01627893695087036, 0.011189863218000452, 0.010569390786170932, 0.007297466546811653
31, 3, 0.012867985874590695, 0.011189863218000452, 0.008136049597968023, 0.007297466546811653
31, 4, 0.014148157613889416, 0.011189863218000452, 0.008910064045285519, 0.007297466546811653
31, 5, 0.016213112337657015, 0.011189863218000452, 0.010565249462957853, 0.007297466546811653
31, 6, 0.01548454099050606, 0.011189863218000452, 0.009724400095739502, 0.007297466546811653
31, 7, 0.013134812446161576, 0.011189863218000452, 0.008317147965233357, 0.007297466546811653
31, 8, 0.012041657989644926, 0.011189863218000452, 0.007804847127003204, 0.007297466546811653
31, 9, 0.014990786587300041, 0.011189863218000452, 0.009445631154108774, 0.007297466546811653
32, 0, 0.012543019442841656, 0.011189863218000452, 0.008059752948614466, 0.007297466546811653
32, 1, 0.027787965097686048, 0.011189863218000452, 0.018155525553475927, 0.007297466546811653
32, 2, 0.027410780395349887, 0.011189863218000452, 0.017901971255993087, 0.007297466546811653
32, 3, 0.014512989267458327, 0.011189863218000452, 0.009191914998500717, 0.007297466546811653
32, 4, 0.011486794567730703, 0.011486794567730703, 0.0072791127776183585, 0.0072791127776183585
32, 5, 0.02739460249500431, 0.011486794567730703, 0.017913208444464052, 0.0072791127776183585
32, 6, 0.01730725892671371, 0.011486794567730703, 0.010879804112740246, 0.0072791127776183585
32, 7, 0.011555530395127498, 0.011486794567730703, 0.00737828378933213, 0.0072791127776183585
32, 8, 0.014416302438692392, 0.011486794567730703, 0.009213119528381636, 0.0072791127776183585
32, 9, 0.013499896650469394, 0.011486794567730703, 0.008478038165002774, 0.0072791127776183585
33, 0, 0.014535122506053003, 0.011486794567730703, 0.009335044147796392, 0.0072791127776183585
33, 1, 0.027457130874459935, 0.011486794567730703, 0.017949099696202377, 0.0072791127776183585
33, 2, 0.012184792824773825, 0.011486794567730703, 0.007843367996632433, 0.0072791127776183585
33, 3, 0.011959815221023599, 0.011486794567730703, 0.007637030673955075, 0.0072791127776183585
33, 4, 0.01127621137436406, 0.01127621137436406, 0.007209681641686091, 0.007209681641686091
33, 5, 0.015058967228152982, 0.01127621137436406, 0.00971024353699299, 0.007209681641686091
33, 6, 0.02637930931010951, 0.01127621137436406, 0.017130787233904845, 0.007209681641686091
33, 7, 0.011510018575566884, 0.01127621137436406, 0.007362730648826525, 0.007209681641686091
33, 8, 0.026925245868181347, 0.01127621137436406, 0.01748382572699111, 0.007209681641686091
33, 9, 0.012947058766837388, 0.01127621137436406, 0.0082035830722265, 0.007209681641686091
34, 0, 0.01649870155140124, 0.01127621137436406, 0.010605877352229292, 0.007209681641686091
34, 1, 0.012093688956699742, 0.01127621137436406, 0.007769097836237451, 0.007209681641686091
34, 2, 0.011536771268790363, 0.01127621137436406, 0.007533440997483105, 0.007209681641686091
34, 3, 0.011964781857046601, 0.01127621137436406, 0.007746072285743969, 0.007209681641686091
34, 4, 0.011261586443040527, 0.01127621137436406, 0.0072440952717749375, 0.007209681641686091
34, 5, 0.011253228373986604, 0.01127621137436406, 0.007316783515810713, 0.007209681641686091
34, 6, 0.013649000060815394, 0.01127621137436406, 0.008877213446529275, 0.007209681641686091
34, 7, 0.0114726643007489, 0.01127621137436406, 0.007347932320126103, 0.007209681641686091
34, 8, 0.01564979750610513, 0.01127621137436406, 0.010004237153657685, 0.007209681641686091
34, 9, 0.027318226554653675, 0.01127621137436406, 0.017415615563432824, 0.007209681641686091
35, 0, 0.015315621092882554, 0.01127621137436406, 0.00984214656332922, 0.007209681641686091
35, 1, 0.0143122910554864, 0.01127621137436406, 0.009123093363250371, 0.007209681641686091
35, 2, 0.012993559046518633, 0.01127621137436406, 0.008470641409788716, 0.007209681641686091
35, 3, 0.011984658803066487, 0.01127621137436406, 0.007878234226728472, 0.007209681641686091
35, 4, 0.011317394612510707, 0.01127621137436406, 0.007322968257591134, 0.007209681641686091
35, 5, 0.01115108049133498, 0.01127621137436406, 0.007345112938189129, 0.007209681641686091
35, 6, 0.01143292334803767, 0.01127621137436406, 0.007616022477732458, 0.007209681641686091
35, 7, 0.011412039284524157, 0.01127621137436406, 0.0073362140148077355, 0.007209681641686091
35, 8, 0.012293156847929733, 0.01127621137436406, 0.007904841457353278, 0.007209681641686091
35, 9, 0.23311875656437714, 0.01127621137436406, 0.15318289573043953, 0.007209681641686091
36, 0, 0.011363972497366813, 0.01127621137436406, 0.0072833413875233255, 0.007209681641686091
36, 1, 0.01530233826267835, 0.01127621137436406, 0.009829455948682583, 0.007209681641686091
36, 2, 0.013548484545761947, 0.01127621137436406, 0.008833735444495266, 0.007209681641686091
36, 3, 0.011408270176273678, 0.01127621137436406, 0.0075793666548002675, 0.007209681641686091
36, 4, 0.011358710415280427, 0.01127621137436406, 0.007384880212587702, 0.007209681641686091
36, 5, 0.011431289848293348, 0.01127621137436406, 0.007618959276686124, 0.007209681641686091
36, 6, 0.012044094564577064, 0.01127621137436406, 0.008125091983098418, 0.007209681641686091
36, 7, 0.0114487427680026, 0.01127621137436406, 0.007391135777260394, 0.007209681641686091
36, 8, 0.011735052542322372, 0.01127621137436406, 0.0076707429066408496, 0.007209681641686091
36, 9, 0.45567725753936955, 0.01127621137436406, 0.3000952132003946, 0.007209681641686091
37, 0, 0.011484233642435098, 0.01127621137436406, 0.0073864373413234, 0.007209681641686091
37, 1, 0.012065229425771066, 0.01127621137436406, 0.007983014715316187, 0.007209681641686091
37, 2, 0.012125483780778353, 0.01127621137436406, 0.008014264729108796, 0.007209681641686091
37, 3, 0.011327535663113189, 0.01127621137436406, 0.007459146925930167, 0.007209681641686091
37, 4, 0.011322577757507921, 0.01127621137436406, 0.007373391169736214, 0.007209681641686091
37, 5, 0.011570542720724065, 0.01127621137436406, 0.00775757883731485, 0.007209681641686091
37, 6, 0.012931762054437395, 0.01127621137436406, 0.00872289245650564, 0.007209681641686091
37, 7, 0.011327740146608842, 0.01127621137436406, 0.007353419622128238, 0.007209681641686091
37, 8, 0.011838018417790348, 0.01127621137436406, 0.007839512332138735, 0.007209681641686091
37, 9, 0.23192603169563814, 0.01127621137436406, 0.15236944518847204, 0.007209681641686091
38, 0, 0.011976618250805269, 0.01127621137436406, 0.007735245835535403, 0.007209681641686091
38, 1, 0.011872852861378997, 0.01127621137436406, 0.007995252925323004, 0.007209681641686091
38, 2, 0.011206913808970232, 0.01127621137436406, 0.007391597377010499, 0.007209681641686091
38, 3, 0.011243321073554264, 0.01127621137436406, 0.007317095932931267, 0.007209681641686091
38, 4, 0.011210391805687255, 0.01127621137436406, 0.007273897231278946, 0.007209681641686091
38, 5, 0.011527512024872873, 0.01127621137436406, 0.007702599763001201, 0.007209681641686091
38, 6, 0.012199685728254297, 0.01127621137436406, 0.008199365207628529, 0.007209681641686091
38, 7, 0.01132175394832632, 0.01127621137436406, 0.007392734969036123, 0.007209681641686091
38, 8, 0.01204701632855547, 0.01127621137436406, 0.008048766599607769, 0.007209681641686091
38, 9, 0.012725217775693042, 0.01127621137436406, 0.008457720559486128, 0.007209681641686091
39, 0, 0.011676443550010287, 0.01127621137436406, 0.00758306128107895, 0.007209681641686091
39, 1, 0.01179145192890473, 0.01127621137436406, 0.00795275530460756, 0.007209681641686091
39, 2, 0.011209469707476534, 0.01127621137436406, 0.0073023812695134456, 0.007209681641686091
39, 3, 0.011207781284806182, 0.01127621137436406, 0.0072345964468836935, 0.007209681641686091
39, 4, 0.011308169156069216, 0.01127621137436406, 0.007317203918321312, 0.007209681641686091
39, 5, 0.011211473102918607, 0.01127621137436406, 0.007420866799964013, 0.007209681641686091
39, 6, 0.011387657322121046, 0.01127621137436406, 0.00758608050565696, 0.007209681641686091
39, 7, 0.011393362727958288, 0.01127621137436406, 0.007472422400899444, 0.007209681641686091
39, 8, 0.01192492683688666, 0.01127621137436406, 0.00799237948020646, 0.007209681641686091
39, 9, 0.011860394375408341, 0.01127621137436406, 0.007826577551203228, 0.007209681641686091
40, 0, 0.011156417344880015, 0.01127621137436406, 0.007259541284321527, 0.007209681641686091
40, 1, 0.013830071643411955, 0.01127621137436406, 0.009194357790220977, 0.007209681641686091
40, 2, 0.016017390190372374, 0.01127621137436406, 0.010350858839976823, 0.007209681641686091
40, 3, 0.011533153461160761, 0.01127621137436406, 0.007436902015567969, 0.007209681641686091
40, 4, 0.011388746742144445, 0.01127621137436406, 0.007354922027331896, 0.007209681641686091
40, 5, 0.012438645402838617, 0.01127621137436406, 0.008144609485547396, 0.007209681641686091
40, 6, 0.011131551427538819, 0.01127621137436406, 0.0072913113397110735, 0.007209681641686091
40, 7, 0.011282002574672734, 0.01127621137436406, 0.007414884285062984, 0.007209681641686091
40, 8, 0.011513725979167276, 0.01127621137436406, 0.007632508307935128, 0.007209681641686091
40, 9, 0.025970738149029858, 0.01127621137436406, 0.01701672468678395, 0.007209681641686091
41, 0, 0.011040759690557077, 0.011040759690557077, 0.007197655459413955, 0.007197655459413955
41, 1, 0.028059960593968203, 0.011040759690557077, 0.01849662709123213, 0.007197655459413955
41, 2, 0.016607188846388798, 0.011040759690557077, 0.010749006079772581, 0.007197655459413955
41, 3, 0.011166510634491547, 0.011040759690557077, 0.007226414480662712, 0.007197655459413955
41, 4, 0.011406383880566426, 0.011040759690557077, 0.0073578941615299355, 0.007197655459413955
41, 5, 0.014280403322427021, 0.011040759690557077, 0.009247043332998833, 0.007197655459413955
41, 6, 0.012047202914251202, 0.011040759690557077, 0.007746017225817227, 0.007197655459413955
41, 7, 0.011358887552557215, 0.011040759690557077, 0.0074699325607199, 0.007197655459413955
41, 8, 0.011278762167548487, 0.011040759690557077, 0.007374478330570203, 0.007197655459413955
41, 9, 0.02541582847698764, 0.011040759690557077, 0.016505368786237956, 0.007197655459413955
42, 0, 0.010959744484281848, 0.010959744484281848, 0.007156051560951622, 0.007156051560951622
42, 1, 0.02693580048827518, 0.010959744484281848, 0.017622986842395594, 0.007156051560951622
42, 2, 0.010934004220925433, 0.010934004220925433, 0.007106130431893974, 0.007106130431893974
42, 3, 0.010846391589038685, 0.010846391589038685, 0.007068356465942611, 0.007068356465942611
42, 4, 0.01123298761149522, 0.010846391589038685, 0.007268574392875009, 0.007068356465942611
42, 5, 0.014966790047815702, 0.010846391589038685, 0.00965575475548955, 0.007068356465942611
42, 6, 0.015255495639446219, 0.010846391589038685, 0.009788862886488931, 0.007068356465942611
42, 7, 0.011156123044073674, 0.010846391589038685, 0.007324956657876837, 0.007068356465942611
42, 8, 0.011011699481498294, 0.010846391589038685, 0.007113403091677133, 0.007068356465942611
42, 9, 0.025527935450301308, 0.010846391589038685, 0.016584675491855685, 0.007068356465942611
43, 0, 0.012442426665603435, 0.010846391589038685, 0.008127292441575739, 0.007068356465942611
43, 1, 0.01455290820921939, 0.010846391589038685, 0.009413930249989053, 0.007068356465942611
43, 2, 0.011111683616351592, 0.010846391589038685, 0.007285114222861142, 0.007068356465942611
43, 3, 0.010891679483231323, 0.010846391589038685, 0.007144784902202298, 0.007068356465942611
43, 4, 0.011102279001233818, 0.010846391589038685, 0.007241089679943531, 0.007068356465942611
43, 5, 0.014052752866969248, 0.010846391589038685, 0.00905983708503311, 0.007068356465942611
43, 6, 0.02665597821209054, 0.010846391589038685, 0.01745188592058246, 0.007068356465942611
43, 7, 0.011006109496477231, 0.010846391589038685, 0.007216635472678511, 0.007068356465942611
43, 8, 0.011016429945151588, 0.011016429945151588, 0.007068171430751718, 0.007068171430751718
43, 9, 0.026133415049298236, 0.011016429945151588, 0.017139746304116785, 0.007068171430751718
44, 0, 0.014468533342872996, 0.011016429945151588, 0.009423518096571994, 0.007068171430751718
44, 1, 0.011796069139207856, 0.011016429945151588, 0.007589469365150214, 0.007068171430751718
44, 2, 0.011043685031925096, 0.011016429945151588, 0.007227887265672735, 0.007068171430751718
44, 3, 0.010907511942647833, 0.011016429945151588, 0.007170428903970786, 0.007068171430751718
44, 4, 0.011003268301432953, 0.011016429945151588, 0.0072018455113752955, 0.007068171430751718
44, 5, 0.011863361141874132, 0.011016429945151588, 0.007695878948461091, 0.007068171430751718
44, 6, 0.014118530969618223, 0.011016429945151588, 0.009227300526649622, 0.007068171430751718
44, 7, 0.0110059905297088, 0.011016429945151588, 0.0071834805604964365, 0.007068171430751718
44, 8, 0.011151498249476208, 0.011016429945151588, 0.007106645714321655, 0.007068171430751718
44, 9, 0.028481247721333643, 0.011016429945151588, 0.018842180818155665, 0.007068171430751718
45, 0, 0.016198276042379254, 0.011016429945151588, 0.010533925450596284, 0.007068171430751718
45, 1, 0.01794911738075919, 0.011016429945151588, 0.011517825356648989, 0.007068171430751718
45, 2, 0.01117544709055233, 0.011016429945151588, 0.00728537449660321, 0.007068171430751718
45, 3, 0.010855489898749618, 0.011016429945151588, 0.007128174322877645, 0.007068171430751718
45, 4, 0.01085521506494253, 0.011016429945151588, 0.007109841511304399, 0.007068171430751718
45, 5, 0.010824297823070251, 0.011016429945151588, 0.00707249782089488, 0.007068171430751718
45, 6, 0.010776055556091985, 0.011016429945151588, 0.007147624598368943, 0.007068171430751718
45, 7, 0.010954757235749988, 0.011016429945151588, 0.0070969609817079435, 0.007068171430751718
45, 8, 0.011368701626921692, 0.011016429945151588, 0.007251398632672574, 0.007068171430751718
45, 9, 0.01140419820147049, 0.011016429945151588, 0.0076458930548631045, 0.007068171430751718
46, 0, 0.015737659501296165, 0.011016429945151588, 0.010198945672942909, 0.007068171430751718
46, 1, 0.019517321975894158, 0.011016429945151588, 0.012564645207447435, 0.007068171430751718
46, 2, 0.011009129508837678, 0.011016429945151588, 0.007120731758484658, 0.007068171430751718
46, 3, 0.011006201934822732, 0.011016429945151588, 0.007195102077102004, 0.007068171430751718
46, 4, 0.010956520640521128, 0.011016429945151588, 0.007119123924637049, 0.007068171430751718
46, 5, 0.01101714602287424, 0.011016429945151588, 0.007224131077317603, 0.007068171430751718
46, 6, 0.011123323710997446, 0.011016429945151588, 0.007428060382627165, 0.007068171430751718
46, 7, 0.011904289121802861, 0.011016429945151588, 0.007636395042976992, 0.007068171430751718
46, 8, 0.010772178597306345, 0.010772178597306345, 0.0069013683802744375, 0.0069013683802744375
46, 9, 0.012593882880438327, 0.010772178597306345, 0.008436211786219505, 0.0069013683802744375
47, 0, 0.012628719103207686, 0.010772178597306345, 0.008144093093926759, 0.0069013683802744375
47, 1, 0.012908175404984555, 0.010772178597306345, 0.008425296247343214, 0.0069013683802744375
47, 2, 0.010932428256386656, 0.010772178597306345, 0.007023229866514629, 0.0069013683802744375
47, 3, 0.01132927358095873, 0.010772178597306345, 0.0073471403450250635, 0.0069013683802744375
47, 4, 0.01104615507456128, 0.010772178597306345, 0.007129316219477668, 0.0069013683802744375
47, 5, 0.010998991924211138, 0.010772178597306345, 0.007212365082645872, 0.0069013683802744375
47, 6, 0.011193579646579743, 0.010772178597306345, 0.007489138065563471, 0.0069013683802744375
47, 7, 0.013121796143179317, 0.010772178597306345, 0.00839066955682694, 0.0069013683802744375
47, 8, 0.01090167725139395, 0.010772178597306345, 0.007019363166764804, 0.0069013683802744375
47, 9, 0.020400249109786266, 0.010772178597306345, 0.013267979931321278, 0.0069013683802744375
48, 0, 0.010970668104930768, 0.010772178597306345, 0.007092760586326735, 0.0069013683802744375
48, 1, 0.01086648575598629, 0.010772178597306345, 0.00723842356234619, 0.0069013683802744375
48, 2, 0.011167539839659684, 0.010772178597306345, 0.007136909781976856, 0.0069013683802744375
48, 3, 0.010905112765670837, 0.010772178597306345, 0.007027619940003449, 0.0069013683802744375
48, 4, 0.010827001634283307, 0.010772178597306345, 0.006977773335883053, 0.0069013683802744375
48, 5, 0.010838128835176238, 0.010772178597306345, 0.007074646522769709, 0.0069013683802744375
48, 6, 0.010961714842599148, 0.010772178597306345, 0.007285862341865496, 0.0069013683802744375
48, 7, 0.011866834565864404, 0.010772178597306345, 0.007588583681890447, 0.0069013683802744375
48, 8, 0.010926995575727379, 0.010772178597306345, 0.007053699767503994, 0.0069013683802744375
48, 9, 0.021758899767911143, 0.010772178597306345, 0.014118864159002696, 0.0069013683802744375
49, 0, 0.011015298517039347, 0.010772178597306345, 0.007160375527680671, 0.0069013683802744375
49, 1, 0.012261382400924498, 0.010772178597306345, 0.00814865231917994, 0.0069013683802744375
49, 2, 0.0120130919808989, 0.010772178597306345, 0.007677759251787205, 0.0069013683802744375
49, 3, 0.011006384937206905, 0.010772178597306345, 0.0070657624701675635, 0.0069013683802744375
49, 4, 0.01080985381854881, 0.010772178597306345, 0.006961562654090703, 0.0069013683802744375
49, 5, 0.010725825743696722, 0.010772178597306345, 0.00696179956879451, 0.0069013683802744375
49, 6, 0.010856390915757963, 0.010772178597306345, 0.00715049044576652, 0.0069013683802744375
49, 7, 0.01074088388955328, 0.010772178597306345, 0.006905476804239385, 0.0069013683802744375
49, 8, 0.010837765854891868, 0.010772178597306345, 0.006989766655470496, 0.0069013683802744375
49, 9, 0.012035976037983644, 0.010772178597306345, 0.00801185506433477, 0.0069013683802744375
50, 0, 0.011147624254925123, 0.010772178597306345, 0.007285113100232117, 0.0069013683802744375
50, 1, 0.013797840647696664, 0.010772178597306345, 0.009141081009469481, 0.0069013683802744375
50, 2, 0.012091271616322776, 0.010772178597306345, 0.007751552511274705, 0.0069013683802744375
50, 3, 0.011675111431155337, 0.010772178597306345, 0.007437005951921896, 0.0069013683802744375
50, 4, 0.010724750713129448, 0.010724750713129448, 0.006896652782927803, 0.006896652782927803
50, 5, 0.010835067022620059, 0.010724750713129448, 0.006990263148723234, 0.006896652782927803
50, 6, 0.010933197688644787, 0.010724750713129448, 0.0071361374011515806, 0.006896652782927803
50, 7, 0.010993297546444345, 0.010724750713129448, 0.007120083891273427, 0.006896652782927803
50, 8, 0.01095255862377934, 0.010724750713129448, 0.007059190290892656, 0.006896652782927803
50, 9, 0.011088194574763705, 0.010724750713129448, 0.00734172442935592, 0.006896652782927803
51, 0, 0.010980403102074883, 0.010724750713129448, 0.00717573488833281, 0.006896652782927803
51, 1, 0.012425177782650912, 0.010724750713129448, 0.008200392140885195, 0.006896652782927803
51, 2, 0.010982733883059216, 0.010724750713129448, 0.007061778135222025, 0.006896652782927803
51, 3, 0.011786534201034149, 0.010724750713129448, 0.007516332644615881, 0.006896652782927803
51, 4, 0.010937223629803563, 0.010724750713129448, 0.007028748718531129, 0.006896652782927803
51, 5, 0.010787694758693837, 0.010724750713129448, 0.006926980459635358, 0.006896652782927803
51, 6, 0.011519624766670936, 0.010724750713129448, 0.00745300020686522, 0.006896652782927803
51, 7, 0.011049455530826048, 0.010724750713129448, 0.0071763139464266976, 0.006896652782927803
51, 8, 0.010970641958152725, 0.010724750713129448, 0.007042370837889927, 0.006896652782927803
51, 9, 0.027534494906160844, 0.010724750713129448, 0.0181044824615343, 0.006896652782927803
52, 0, 0.011028562898051495, 0.010724750713129448, 0.007188619199619919, 0.006896652782927803
52, 1, 0.011055893018658955, 0.010724750713129448, 0.007251889958564103, 0.006896652782927803
52, 2, 0.011018307091805476, 0.010724750713129448, 0.007113181947425225, 0.006896652782927803
52, 3, 0.011423483323050435, 0.010724750713129448, 0.007346215252365943, 0.006896652782927803
52, 4, 0.010969858443916432, 0.010724750713129448, 0.007048139909024931, 0.006896652782927803
52, 5, 0.010821090982426333, 0.010724750713129448, 0.006937603964946204, 0.006896652782927803
52, 6, 0.011180140382256561, 0.010724750713129448, 0.007225319159754411, 0.006896652782927803
52, 7, 0.011108732340250085, 0.010724750713129448, 0.007200702113109254, 0.006896652782927803
52, 8, 0.010886772497510506, 0.010724750713129448, 0.006958521147766774, 0.006896652782927803
52, 9, 0.01645561836670003, 0.010724750713129448, 0.010581172831002487, 0.006896652782927803
53, 0, 0.010773651631830902, 0.010724750713129448, 0.006973916955943638, 0.006896652782927803
53, 1, 0.0109814584073512, 0.010724750713129448, 0.007164516561608591, 0.006896652782927803
53, 2, 0.011086458137747434, 0.010724750713129448, 0.0071741962431309154, 0.006896652782927803
53, 3, 0.011009554861428699, 0.010724750713129448, 0.007146866234818951, 0.006896652782927803
53, 4, 0.01087612725242419, 0.010724750713129448, 0.006986856435616164, 0.006896652782927803
53, 5, 0.010929019752182146, 0.010724750713129448, 0.007015723168214828, 0.006896652782927803
53, 6, 0.010938156513326773, 0.010724750713129448, 0.007101900637043335, 0.006896652782927803
53, 7, 0.010901677225111182, 0.010724750713129448, 0.0070493399888412744, 0.006896652782927803
53, 8, 0.010993414018126833, 0.010724750713129448, 0.007009911555796296, 0.006896652782927803
53, 9, 0.01606896995072236, 0.010724750713129448, 0.010305602427861169, 0.006896652782927803
54, 0, 0.012106435104460815, 0.010724750713129448, 0.0077896312453245055, 0.006896652782927803
54, 1, 0.011787515451012903, 0.010724750713129448, 0.007609719750965822, 0.006896652782927803
54, 2, 0.011024558498333911, 0.010724750713129448, 0.007139025381093875, 0.006896652782927803
54, 3, 0.010957977399581292, 0.010724750713129448, 0.007165751150609468, 0.006896652782927803
54, 4, 0.01101527106809872, 0.010724750713129448, 0.007081825824338, 0.006896652782927803
54, 5, 0.01089499557713511, 0.010724750713129448, 0.007009853987339676, 0.006896652782927803
54, 6, 0.010773018196224102, 0.010724750713129448, 0.007012208068434759, 0.006896652782927803
54, 7, 0.01080851596940478, 0.010724750713129448, 0.0069618661842408315, 0.006896652782927803
54, 8, 0.011187693332438759, 0.010724750713129448, 0.0071215704962705705, 0.006896652782927803
54, 9, 0.011010707846256747, 0.010724750713129448, 0.007113824175146367, 0.006896652782927803
55, 0, 0.012297626949534365, 0.010724750713129448, 0.007875693641178723, 0.006896652782927803
55, 1, 0.012190272671752605, 0.010724750713129448, 0.007885748263471732, 0.006896652782927803
55, 2, 0.010992025471990258, 0.010724750713129448, 0.007103961858837171, 0.006896652782927803
55, 3, 0.010783506393060005, 0.010724750713129448, 0.007070793864890467, 0.006896652782927803
55, 4, 0.010928760341052857, 0.010724750713129448, 0.007029615977690465, 0.006896652782927803
55, 5, 0.010878810049875894, 0.010724750713129448, 0.0070152208215497995, 0.006896652782927803
55, 6, 0.01084623123965269, 0.010724750713129448, 0.007071042640221439, 0.006896652782927803
55, 7, 0.011890572711934447, 0.010724750713129448, 0.007634943121328501, 0.006896652782927803
55, 8, 0.01141699143988865, 0.010724750713129448, 0.007266863766288534, 0.006896652782927803
55, 9, 0.014701778359806383, 0.010724750713129448, 0.009430442921439611, 0.006896652782927803
56, 0, 0.011338185889068129, 0.010724750713129448, 0.007257810842616195, 0.006896652782927803
56, 1, 0.011345078188104502, 0.010724750713129448, 0.007450409604770892, 0.006896652782927803
56, 2, 0.010999052477500396, 0.010724750713129448, 0.007083773612942843, 0.006896652782927803
56, 3, 0.011029229077592574, 0.010724750713129448, 0.007222791092279273, 0.006896652782927803
56, 4, 0.010870958215433687, 0.010724750713129448, 0.006990604850415707, 0.006896652782927803
56, 5, 0.010833012788585207, 0.010724750713129448, 0.0070259739001679415, 0.006896652782927803
56, 6, 0.010811534283119272, 0.010724750713129448, 0.0070321154587801174, 0.006896652782927803
56, 7, 0.013619096988601588, 0.010724750713129448, 0.008745682197571393, 0.006896652782927803
56, 8, 0.011215908579213254, 0.010724750713129448, 0.007159308573828784, 0.006896652782927803
56, 9, 0.0217956422952099, 0.010724750713129448, 0.013953375009352688, 0.006896652782927803
57, 0, 0.010753115422290238, 0.010724750713129448, 0.006909468907346616, 0.006896652782927803
57, 1, 0.010635971136297499, 0.010724750713129448, 0.007035286365634472, 0.006896652782927803
57, 2, 0.010950107523804828, 0.010724750713129448, 0.007022175651599637, 0.006896652782927803
57, 3, 0.010850048948204826, 0.010724750713129448, 0.007077924798313665, 0.006896652782927803
57, 4, 0.010752527231132755, 0.010724750713129448, 0.00691617042687214, 0.006896652782927803
57, 5, 0.010689384175154006, 0.010724750713129448, 0.006966178927713346, 0.006896652782927803
57, 6, 0.01084564489552933, 0.010724750713129448, 0.00703839644179725, 0.006896652782927803
57, 7, 0.015070846260692883, 0.010724750713129448, 0.009688164450387256, 0.006896652782927803
57, 8, 0.010923836726129855, 0.010724750713129448, 0.0070019690948191675, 0.006896652782927803
57, 9, 0.020843107819661883, 0.010724750713129448, 0.01332841726342772, 0.006896652782927803
58, 0, 0.010895933778570472, 0.010724750713129448, 0.007026233495907359, 0.006896652782927803
58, 1, 0.012147542768133006, 0.010724750713129448, 0.008014703877185928, 0.006896652782927803
58, 2, 0.011340472898397978, 0.010724750713129448, 0.0072481130789148465, 0.006896652782927803
58, 3, 0.010896484546119049, 0.010724750713129448, 0.007088514736621246, 0.006896652782927803
58, 4, 0.01071628880821454, 0.010724750713129448, 0.006898317801102237, 0.006896652782927803
58, 5, 0.010629793398959501, 0.010724750713129448, 0.006952814348976673, 0.006896652782927803
58, 6, 0.010879930041135872, 0.010724750713129448, 0.007040500156956092, 0.006896652782927803
58, 7, 0.015097895799010589, 0.010724750713129448, 0.00971387129879493, 0.006896652782927803
58, 8, 0.010781374258318889, 0.010724750713129448, 0.006943495662576674, 0.006896652782927803
58, 9, 0.012726669403244772, 0.010724750713129448, 0.008182749312261168, 0.006896652782927803
59, 0, 0.010879290946654331, 0.010724750713129448, 0.007026789149258452, 0.006896652782927803
59, 1, 0.014259682616409027, 0.010724750713129448, 0.009385076781757916, 0.006896652782927803
59, 2, 0.011548605561977133, 0.010724750713129448, 0.0073774432131783274, 0.006896652782927803
59, 3, 0.010648941112673276, 0.010724750713129448, 0.00690187954844135, 0.006896652782927803
59, 4, 0.010616790943285114, 0.010616790943285114, 0.006833109264720524, 0.006833109264720524
59, 5, 0.01080032515980688, 0.010616790943285114, 0.007073472370573118, 0.006833109264720524
59, 6, 0.01080499648791887, 0.010616790943285114, 0.0069735032793355085, 0.006833109264720524
59, 7, 0.012342671771958838, 0.010616790943285114, 0.007932068697339851, 0.006833109264720524
59, 8, 0.01069482167506798, 0.010616790943285114, 0.00689575076987563, 0.006833109264720524
59, 9, 0.010886225041807567, 0.010616790943285114, 0.007015196563180324, 0.006833109264720524
60, 0, 0.010834316799696653, 0.010616790943285114, 0.006992482877395884, 0.006833109264720524
60, 1, 0.014482272353135943, 0.010616790943285114, 0.009499059159870921, 0.006833109264720524
60, 2, 0.011845940351536745, 0.010616790943285114, 0.007589287042384426, 0.006833109264720524
60, 3, 0.01073440121649819, 0.010616790943285114, 0.0069351549881264025, 0.006833109264720524
60, 4, 0.010735763595188408, 0.010616790943285114, 0.006911920376912832, 0.006833109264720524
60, 5, 0.010985816869839562, 0.010616790943285114, 0.007185891020059434, 0.006833109264720524
60, 6, 0.010947900168969326, 0.010616790943285114, 0.007052197673671789, 0.006833109264720524
60, 7, 0.010747409918053803, 0.010616790943285114, 0.006930984234371697, 0.006833109264720524
60, 8, 0.01079427432465654, 0.010616790943285114, 0.006968563293634887, 0.006833109264720524
60, 9, 0.015336836480048405, 0.010616790943285114, 0.00984463935781268, 0.006833109264720524
61, 0, 0.010677173303738557, 0.010616790943285114, 0.006866947602043241, 0.006833109264720524
61, 1, 0.011579788256412095, 0.010616790943285114, 0.007543982869199865, 0.006833109264720524
61, 2, 0.010984259065223304, 0.010616790943285114, 0.007047347580671979, 0.006833109264720524
61, 3, 0.01132077513248334, 0.010616790943285114, 0.007277667795095143, 0.006833109264720524
61, 4, 0.010775624945635411, 0.010616790943285114, 0.006937074438420794, 0.006833109264720524
61, 5, 0.010562069578910472, 0.010616790943285114, 0.0068733825037119905, 0.006833109264720524
61, 6, 0.010770771884802573, 0.010616790943285114, 0.006956887741195193, 0.006833109264720524
61, 7, 0.010887990937139554, 0.010616790943285114, 0.0070475219501529894, 0.006833109264720524
61, 8, 0.010913882871750338, 0.010616790943285114, 0.007041788805373077, 0.006833109264720524
61, 9, 0.02605591314438864, 0.010616790943285114, 0.01696137185039331, 0.006833109264720524
62, 0, 0.010743731238770513, 0.010616790943285114, 0.0068939586360554994, 0.006833109264720524
62, 1, 0.010603378560101198, 0.010616790943285114, 0.006891694913638127, 0.006833109264720524
62, 2, 0.010833305663935037, 0.010616790943285114, 0.006984373220713898, 0.006833109264720524
62, 3, 0.01130613713844904, 0.010616790943285114, 0.00723855113787653, 0.006833109264720524
62, 4, 0.01071930671242035, 0.010616790943285114, 0.006897594994499938, 0.006833109264720524
62, 5, 0.01075308700087172, 0.010616790943285114, 0.006959591863159951, 0.006833109264720524
62, 6, 0.010711742750014425, 0.010616790943285114, 0.006935905246794651, 0.006833109264720524
62, 7, 0.011036814958631052, 0.010616790943285114, 0.007148612442065665, 0.006833109264720524
62, 8, 0.010709358617392955, 0.010616790943285114, 0.0069120142240144955, 0.006833109264720524
62, 9, 0.013543593813394376, 0.010616790943285114, 0.008659495556690712, 0.006833109264720524
63, 0, 0.010718664222165476, 0.010616790943285114, 0.006866933892737066, 0.006833109264720524
63, 1, 0.011985130976846028, 0.010616790943285114, 0.007706953525533936, 0.006833109264720524
63, 2, 0.01072787349392609, 0.010616790943285114, 0.006931823832714787, 0.006833109264720524
63, 3, 0.010729209212627057, 0.010616790943285114, 0.006898533483902874, 0.006833109264720524
63, 4, 0.010872959317976928, 0.010616790943285114, 0.007001630292941957, 0.006833109264720524
63, 5, 0.010807595850860817, 0.010616790943285114, 0.006967313735122236, 0.006833109264720524
63, 6, 0.01080902421286443, 0.010616790943285114, 0.007010746867266931, 0.006833109264720524
63, 7, 0.01135983068341618, 0.010616790943285114, 0.0073213873941363914, 0.006833109264720524
63, 8, 0.010625452516897237, 0.010616790943285114, 0.0068540377130932445, 0.006833109264720524
63, 9, 0.010899812263391418, 0.010616790943285114, 0.007003719348308204, 0.006833109264720524
64, 0, 0.010658455384422678, 0.010658455384422678, 0.006831912763013689, 0.006831912763013689
64, 1, 0.013806098141162996, 0.010658455384422678, 0.008806293847703471, 0.006831912763013689
64, 2, 0.010700264215028548, 0.010658455384422678, 0.006925750874774161, 0.006831912763013689
64, 3, 0.010677996100492594, 0.010658455384422678, 0.006883825046011992, 0.006831912763013689
64, 4, 0.01065158889483643, 0.010658455384422678, 0.006855481202928182, 0.006831912763013689
64, 5, 0.010990085203126537, 0.010658455384422678, 0.007071195718469823, 0.006831912763013689
64, 6, 0.010668166548196668, 0.010658455384422678, 0.00691387196216436, 0.006831912763013689
64, 7, 0.010996784824461628, 0.010658455384422678, 0.007059642183351561, 0.006831912763013689
64, 8, 0.0107039697785197, 0.010658455384422678, 0.006898537159767382, 0.006831912763013689
64, 9, 0.012039917145640833, 0.010658455384422678, 0.007737106463991852, 0.006831912763013689
65, 0, 0.010818135469776162, 0.010658455384422678, 0.006945124277482292, 0.006831912763013689
65, 1, 0.013348933385177597, 0.010658455384422678, 0.008515602553186936, 0.006831912763013689
65, 2, 0.010675597258480189, 0.010658455384422678, 0.006908556616853668, 0.006831912763013689
65, 3, 0.010679117046579891, 0.010658455384422678, 0.006902013414979779, 0.006831912763013689
65, 4, 0.010702824282512773, 0.010658455384422678, 0.006889449619371369, 0.006831912763013689
65, 5, 0.010960790060609972, 0.010658455384422678, 0.007040719300686257, 0.006831912763013689
65, 6, 0.010592500990329672, 0.010658455384422678, 0.0068573194657345375, 0.006831912763013689
65, 7, 0.010942918686436601, 0.010658455384422678, 0.006990452035568016, 0.006831912763013689
65, 8, 0.010625627850066476, 0.010658455384422678, 0.006839927529027234, 0.006831912763013689
65, 9, 0.015076080870429909, 0.010658455384422678, 0.009616098684112341, 0.006831912763013689
66, 0, 0.01069652351058515, 0.010658455384422678, 0.006866214838368818, 0.006831912763013689
66, 1, 0.011687434828359553, 0.010658455384422678, 0.00751029280814755, 0.006831912763013689
66, 2, 0.010726448861366061, 0.010658455384422678, 0.006931467138566239, 0.006831912763013689
66, 3, 0.010838780107020574, 0.010658455384422678, 0.00701939798614845, 0.006831912763013689
66, 4, 0.01058354446852194, 0.01058354446852194, 0.006804302881301402, 0.006804302881301402
66, 5, 0.010782708038659687, 0.01058354446852194, 0.0069477818736208416, 0.006804302881301402
66, 6, 0.010553790997285184, 0.01058354446852194, 0.006814448202099512, 0.006804302881301402
66, 7, 0.012770220859968687, 0.01058354446852194, 0.00815946754031176, 0.006804302881301402
66, 8, 0.010719390066613235, 0.01058354446852194, 0.006895829643996931, 0.006804302881301402
66, 9, 0.017075681465761956, 0.01058354446852194, 0.010886230224649145, 0.006804302881301402
67, 0, 0.01060357298388124, 0.01058354446852194, 0.0068052819533197815, 0.006804302881301402
67, 1, 0.010749666673319603, 0.01058354446852194, 0.006950555011588571, 0.006804302881301402
67, 2, 0.010706320612645486, 0.01058354446852194, 0.006902727590736954, 0.006804302881301402
67, 3, 0.01105181842335835, 0.01058354446852194, 0.007159076281072048, 0.006804302881301402
67, 4, 0.010586705646961668, 0.010586705646961668, 0.006799949310218607, 0.006799949310218607
67, 5, 0.010568933390116157, 0.010586705646961668, 0.006854388726073978, 0.006799949310218607
67, 6, 0.010560690587735847, 0.010586705646961668, 0.006801472930891007, 0.006799949310218607
67, 7, 0.013076314130321195, 0.010586705646961668, 0.008368356284861383, 0.006799949310218607
67, 8, 0.010627999718755457, 0.010586705646961668, 0.006832364612618084, 0.006799949310218607
67, 9, 0.012376714600289022, 0.010586705646961668, 0.007949456858381295, 0.006799949310218607
68, 0, 0.01059667801093916, 0.010586705646961668, 0.006804338195616741, 0.006799949310218607
68, 1, 0.012688736710294128, 0.010586705646961668, 0.008230597010791926, 0.006799949310218607
68, 2, 0.010736712021704935, 0.010586705646961668, 0.006913217482751141, 0.006799949310218607
68, 3, 0.010982700966619621, 0.010586705646961668, 0.007102339277026574, 0.006799949310218607
68, 4, 0.010659996698827556, 0.010586705646961668, 0.006843524742266383, 0.006799949310218607
68, 5, 0.011054909911667589, 0.010586705646961668, 0.0072228229273037835, 0.006799949310218607
68, 6, 0.010555042490550899, 0.010555042490550899, 0.006782988862669152, 0.006782988862669152
68, 7, 0.012028959733078486, 0.010555042490550899, 0.007718976075803393, 0.006782988862669152
68, 8, 0.010695193881590834, 0.010555042490550899, 0.00688172540987961, 0.006782988862669152
68, 9, 0.011072487139219328, 0.010555042490550899, 0.007141292792727871, 0.006782988862669152
69, 0, 0.010583693959421544, 0.010555042490550899, 0.006799358383479389, 0.006782988862669152
69, 1, 0.01211392319973742, 0.010555042490550899, 0.007861571583270407, 0.006782988862669152
69, 2, 0.010819034035243823, 0.010555042490550899, 0.006963911173128564, 0.006782988862669152
69, 3, 0.010762475998574035, 0.010555042490550899, 0.006950133330642579, 0.006782988862669152
69, 4, 0.010531830750615288, 0.010531830750615288, 0.006758779996955505, 0.006758779996955505
69, 5, 0.012504362314966974, 0.010531830750615288, 0.008196864238762992, 0.006758779996955505
69, 6, 0.010552178142052854, 0.010531830750615288, 0.006772578045042294, 0.006758779996955505
69, 7, 0.010695770484421581, 0.010531830750615288, 0.006892126575554518, 0.006758779996955505
69, 8, 0.010723138773570114, 0.010531830750615288, 0.00690172024133492, 0.006758779996955505
69, 9, 0.016362730241313773, 0.010531830750615288, 0.010556336521999473, 0.006758779996955505
70, 0, 0.010736760001180474, 0.010531830750615288, 0.006904636134822493, 0.006758779996955505
70, 1, 0.010615400850845043, 0.010531830750615288, 0.006873684293582671, 0.006758779996955505
70, 2, 0.010583516841657328, 0.010531830750615288, 0.00682290580748704, 0.006758779996955505
70, 3, 0.010740827038234967, 0.010531830750615288, 0.006936797944921282, 0.006758779996955505
70, 4, 0.010691302181257354, 0.010531830750615288, 0.006867176687393076, 0.006758779996955505
70, 5, 0.012078021798858751, 0.010531830750615288, 0.007883627474861578, 0.006758779996955505
70, 6, 0.01075853840178831, 0.010531830750615288, 0.006906385688759273, 0.006758779996955505
70, 7, 0.010830172712595152, 0.010531830750615288, 0.007010523098695911, 0.006758779996955505
70, 8, 0.011001663208788497, 0.010531830750615288, 0.007069780134360954, 0.006758779996955505
70, 9, 0.024022377678077772, 0.010531830750615288, 0.0156326023687401, 0.006758779996955505
71, 0, 0.01050893967633236, 0.01050893967633236, 0.006749121344598839, 0.006749121344598839
71, 1, 0.011054457021440907, 0.01050893967633236, 0.007130027141475921, 0.006749121344598839
71, 2, 0.010677199528919214, 0.01050893967633236, 0.006890437323372834, 0.006749121344598839
71, 3, 0.010549396094381205, 0.01050893967633236, 0.006806743639927182, 0.006749121344598839
71, 4, 0.01060071346771029, 0.01050893967633236, 0.006807839730361572, 0.006749121344598839
71, 5, 0.010787428076532032, 0.01050893967633236, 0.006978542358832697, 0.006749121344598839
71, 6, 0.010787428076532032, 0.01050893967633236, 0.006978542358832697, 0.006749121344598839
71, 7, 0.010803008376625728, 0.01050893967633236, 0.007003666424239268, 0.006749121344598839
71, 8, 0.010826182272558571, 0.01050893967633236, 0.006963939346590808, 0.006749121344598839
71, 9, 0.026337866793635038, 0.01050893967633236, 0.017170696081814676, 0.006749121344598839
72, 0, 0.01061310885528287, 0.01050893967633236, 0.006821644080190928, 0.006749121344598839
72, 1, 0.012324265738811195, 0.01050893967633236, 0.007888238979361119, 0.006749121344598839
72, 2, 0.010548124457822439, 0.01050893967633236, 0.006803511419455235, 0.006749121344598839
72, 3, 0.010669840729241705, 0.01050893967633236, 0.006881084573122175, 0.006749121344598839
72, 4, 0.010605611992051176, 0.01050893967633236, 0.0068121406232643025, 0.006749121344598839
72, 5, 0.010794406405017817, 0.01050893967633236, 0.006915799111886216, 0.006749121344598839
72, 6, 0.01065724955006336, 0.01050893967633236, 0.006831943958358299, 0.006749121344598839
72, 7, 0.010736290117690825, 0.01050893967633236, 0.006938440616471627, 0.006749121344598839
72, 8, 0.010719391068232966, 0.01050893967633236, 0.006902237584066435, 0.006749121344598839
72, 9, 0.011580993368465907, 0.01050893967633236, 0.007386999251285612, 0.006749121344598839
73, 0, 0.010597255951322085, 0.01050893967633236, 0.006809436807906588, 0.006749121344598839
73, 1, 0.0134288695559716, 0.01050893967633236, 0.008556756708876316, 0.006749121344598839
73, 2, 0.010462150885546391, 0.010462150885546391, 0.006736964013059249, 0.006736964013059249
73, 3, 0.0107958989745237, 0.010462150885546391, 0.0069552943887861264, 0.006736964013059249
73, 4, 0.010505094195805092, 0.010462150885546391, 0.0067431640005592396, 0.006736964013059249
73, 5, 0.011582485156551121, 0.010462150885546391, 0.007356896942304781, 0.006736964013059249
73, 6, 0.010668483519831844, 0.010462150885546391, 0.00684048780992851, 0.006736964013059249
73, 7, 0.010759491476850867, 0.010462150885546391, 0.006923653136422416, 0.006736964013059249
73, 8, 0.010671647291593252, 0.010462150885546391, 0.006874105037827271, 0.006736964013059249
73, 9, 0.010941868436293896, 0.010462150885546391, 0.006983299506920623, 0.006736964013059249
74, 0, 0.010574064583191285, 0.010462150885546391, 0.006795412969459087, 0.006736964013059249
74, 1, 0.013809070686489813, 0.010462150885546391, 0.008800736775408, 0.006736964013059249
74, 2, 0.010756864856691152, 0.010462150885546391, 0.006922063694698312, 0.006736964013059249
74, 3, 0.010667395099961398, 0.010462150885546391, 0.006867471059711996, 0.006736964013059249
74, 4, 0.01052405585249895, 0.010462150885546391, 0.006755384385388118, 0.006736964013059249
74, 5, 0.011562219674154947, 0.010462150885546391, 0.0073392198580977605, 0.006736964013059249
74, 6, 0.010529957922612002, 0.010462150885546391, 0.00676417151208511, 0.006736964013059249
74, 7, 0.010754808220220662, 0.010462150885546391, 0.006889855659857235, 0.006736964013059249
74, 8, 0.010422050869139022, 0.010422050869139022, 0.006712421195678786, 0.006712421195678786
74, 9, 0.011540981803427412, 0.010422050869139022, 0.007397886292322932, 0.006712421195678786
75, 0, 0.010482842297569782, 0.010422050869139022, 0.006740567262349281, 0.006712421195678786
75, 1, 0.012917768974493753, 0.010422050869139022, 0.00828573479066816, 0.006712421195678786
75, 2, 0.010909660696664849, 0.010422050869139022, 0.007013861906070998, 0.006712421195678786
75, 3, 0.010615094988504322, 0.010422050869139022, 0.006839799942988833, 0.006712421195678786
75, 4, 0.010679696957797661, 0.010422050869139022, 0.006863611053069489, 0.006712421195678786
75, 5, 0.010952886076725222, 0.010422050869139022, 0.00701678867869358, 0.006712421195678786
75, 6, 0.010570736621140905, 0.010422050869139022, 0.006809678033424616, 0.006712421195678786
75, 7, 0.011023220068489208, 0.010422050869139022, 0.007043787970000298, 0.006712421195678786
75, 8, 0.010566266151404113, 0.010422050869139022, 0.006811584301234452, 0.006712421195678786
75, 9, 0.01254678501777019, 0.010422050869139022, 0.008035176513849334, 0.006712421195678786
76, 0, 0.010518420185943499, 0.010422050869139022, 0.0067743460933403395, 0.006712421195678786
76, 1, 0.011590677171652143, 0.010422050869139022, 0.007500163945677486, 0.006712421195678786
76, 2, 0.010875495259562537, 0.010422050869139022, 0.006996820844375717, 0.006712421195678786
76, 3, 0.01064577564152553, 0.010422050869139022, 0.006873079509063203, 0.006712421195678786
76, 4, 0.01057671171043595, 0.010422050869139022, 0.006800463875787002, 0.006712421195678786
76, 5, 0.010712276600642334, 0.010422050869139022, 0.00692897668909033, 0.006712421195678786
76, 6, 0.010637625070576636, 0.010422050869139022, 0.006867490015366254, 0.006712421195678786
76, 7, 0.011322190943611853, 0.010422050869139022, 0.00724838785090955, 0.006712421195678786
76, 8, 0.01071096747316125, 0.010422050869139022, 0.006908713650802979, 0.006712421195678786
76, 9, 0.011452692401603199, 0.010422050869139022, 0.007419168853823631, 0.006712421195678786
77, 0, 0.010503224332573544, 0.010422050869139022, 0.006770439871199574, 0.006712421195678786
77, 1, 0.010819448047557781, 0.010422050869139022, 0.007040533395702372, 0.006712421195678786
77, 2, 0.010543807716504292, 0.010422050869139022, 0.006784722273396556, 0.006712421195678786
77, 3, 0.010665314795429108, 0.010422050869139022, 0.006893188168800051, 0.006712421195678786
77, 4, 0.010653887075308942, 0.010422050869139022, 0.006859288103764127, 0.006712421195678786
77, 5, 0.011299351711731315, 0.010422050869139022, 0.007388347241037194, 0.006712421195678786
77, 6, 0.010548752741900544, 0.010422050869139022, 0.006813989486104397, 0.006712421195678786
77, 7, 0.011207728297162938, 0.010422050869139022, 0.007203604311875212, 0.006712421195678786
77, 8, 0.01078550229355881, 0.010422050869139022, 0.006960274821484219, 0.006712421195678786
77, 9, 0.010837833127733263, 0.010422050869139022, 0.007077673910738459, 0.006712421195678786
78, 0, 0.010550346630893005, 0.010422050869139022, 0.006807709476575889, 0.006712421195678786
78, 1, 0.01090011415303907, 0.010422050869139022, 0.0070938684613201, 0.006712421195678786
78, 2, 0.010567975971377463, 0.010422050869139022, 0.006814684862317605, 0.006712421195678786
78, 3, 0.010650698973019325, 0.010422050869139022, 0.006883332546477261, 0.006712421195678786
78, 4, 0.010721265239951676, 0.010422050869139022, 0.006907128304192245, 0.006712421195678786
78, 5, 0.013537130083111035, 0.010422050869139022, 0.008878237499081369, 0.006712421195678786
78, 6, 0.010469632240666663, 0.010422050869139022, 0.006757212906384858, 0.006712421195678786
78, 7, 0.010740037363231451, 0.010422050869139022, 0.006927630426240148, 0.006712421195678786
78, 8, 0.010699135440631934, 0.010422050869139022, 0.006899768261191142, 0.006712421195678786
78, 9, 0.013309054549413505, 0.010422050869139022, 0.008694629531911212, 0.006712421195678786
79, 0, 0.010665589573515061, 0.010422050869139022, 0.006880012887472434, 0.006712421195678786
79, 1, 0.012502279441603401, 0.010422050869139022, 0.008126956669265063, 0.006712421195678786
79, 2, 0.010540801058403312, 0.010422050869139022, 0.006799688338710204, 0.006712421195678786
79, 3, 0.010564036704215386, 0.010422050869139022, 0.0068235300772152745, 0.006712421195678786
79, 4, 0.010516638166923768, 0.010422050869139022, 0.006769393704392866, 0.006712421195678786
79, 5, 0.014763373291833531, 0.010422050869139022, 0.009664969352415448, 0.006712421195678786
79, 6, 0.010625657350105339, 0.010422050869139022, 0.0068600667887180646, 0.006712421195678786
79, 7, 0.010779994401054751, 0.010422050869139022, 0.0069829229729417375, 0.006712421195678786
79, 8, 0.010581354476524484, 0.010422050869139022, 0.006822280325047736, 0.006712421195678786
79, 9, 0.026305732275628334, 0.010422050869139022, 0.017318718927484447, 0.006712421195678786
80, 0, 0.026305732275628334, 0.010422050869139022, 0.017318718927484447, 0.006712421195678786
80, 1, 0.0136071911266074, 0.010422050869139022, 0.008836610924153547, 0.006712421195678786
80, 2, 0.010496426471775915, 0.010422050869139022, 0.0067757214320456815, 0.006712421195678786
80, 3, 0.010668888810085809, 0.010422050869139022, 0.006886935923249601, 0.006712421195678786
80, 4, 0.010538193567909845, 0.010422050869139022, 0.006784524268024165, 0.006712421195678786
80, 5, 0.012722633357174806, 0.010422050869139022, 0.008276368529930385, 0.006712421195678786
80, 6, 0.010551383364605954, 0.010422050869139022, 0.006804938100185838, 0.006712421195678786
80, 7, 0.010824712523600358, 0.010422050869139022, 0.007031488138777654, 0.006712421195678786
80, 8, 0.01060621243148736, 0.010422050869139022, 0.006834301673980109, 0.006712421195678786
80, 9, 0.02725134097050566, 0.010422050869139022, 0.017934708060270657, 0.006712421195678786
81, 0, 0.010759195888922006, 0.010422050869139022, 0.006922899206272405, 0.006712421195678786
81, 1, 0.01246531296521642, 0.010422050869139022, 0.00807508896297755, 0.006712421195678786
81, 2, 0.010666396599446383, 0.010422050869139022, 0.0068880548108571004, 0.006712421195678786
81, 3, 0.01081152432406934, 0.010422050869139022, 0.006974187302770589, 0.006712421195678786
81, 4, 0.010630895929337926, 0.010422050869139022, 0.00684075562465741, 0.006712421195678786
81, 5, 0.01119646087385118, 0.010422050869139022, 0.007227478196506061, 0.006712421195678786
81, 6, 0.01048257745032826, 0.010422050869139022, 0.006757829244244243, 0.006712421195678786
81, 7, 0.010713648904651556, 0.010422050869139022, 0.006945873223392418, 0.006712421195678786
81, 8, 0.01053158934894461, 0.010422050869139022, 0.00678250168054648, 0.006712421195678786
81, 9, 0.011153224155742467, 0.010422050869139022, 0.0072495612285879835, 0.006712421195678786
82, 0, 0.010599691498700745, 0.010422050869139022, 0.006810587351128369, 0.006712421195678786
82, 1, 0.01073778038058722, 0.010422050869139022, 0.006927766374333144, 0.006712421195678786
82, 2, 0.010559873444257616, 0.010422050869139022, 0.00680727335968236, 0.006712421195678786
82, 3, 0.010727087681582507, 0.010422050869139022, 0.0069114171682134505, 0.006712421195678786
82, 4, 0.010638139680200458, 0.010422050869139022, 0.006842983483185718, 0.006712421195678786
82, 5, 0.010655116453104659, 0.010422050869139022, 0.006849018414024621, 0.006712421195678786
82, 6, 0.010628351224694963, 0.010422050869139022, 0.006851276532882547, 0.006712421195678786
82, 7, 0.010612341952255834, 0.010422050869139022, 0.006859046948112471, 0.006712421195678786
82, 8, 0.010569529240691421, 0.010422050869139022, 0.006804134216276503, 0.006712421195678786
82, 9, 0.011014068819805834, 0.010422050869139022, 0.0071365448654014925, 0.006712421195678786
83, 0, 0.010532225118209912, 0.010422050869139022, 0.006762014998034535, 0.006712421195678786
83, 1, 0.012297603033535913, 0.010422050869139022, 0.007864923922696153, 0.006712421195678786
83, 2, 0.010635481477203418, 0.010422050869139022, 0.00684719502604922, 0.006712421195678786
83, 3, 0.010681405167472478, 0.010422050869139022, 0.006883422868049945, 0.006712421195678786
83, 4, 0.010681405167472478, 0.010422050869139022, 0.006883422868049945, 0.006712421195678786
83, 5, 0.01069882287651967, 0.010422050869139022, 0.006886109296995617, 0.006712421195678786
83, 6, 0.01051355675523692, 0.010422050869139022, 0.006778678306054082, 0.006712421195678786
83, 7, 0.010720413247106859, 0.010422050869139022, 0.0069125960043512, 0.006712421195678786
83, 8, 0.01060913277101546, 0.010422050869139022, 0.006828865058706124, 0.006712421195678786
83, 9, 0.01351376991367104, 0.010422050869139022, 0.008624439764655883, 0.006712421195678786
84, 0, 0.010690372626419045, 0.010422050869139022, 0.006869929820502371, 0.006712421195678786
84, 1, 0.012820141625462864, 0.010422050869139022, 0.008177033609558656, 0.006712421195678786
84, 2, 0.010532589890144592, 0.010422050869139022, 0.006771682909816131, 0.006712421195678786
84, 3, 0.010558603424042313, 0.010422050869139022, 0.006804669387241551, 0.006712421195678786
84, 4, 0.010688172911566826, 0.010422050869139022, 0.006869744877411667, 0.006712421195678786
84, 5, 0.010830751056607591, 0.010422050869139022, 0.006982902239806525, 0.006712421195678786
84, 6, 0.010610303650419177, 0.010422050869139022, 0.006844833750387784, 0.006712421195678786
84, 7, 0.010753200037634561, 0.010422050869139022, 0.006911125590715473, 0.006712421195678786
84, 8, 0.01060586819670558, 0.010422050869139022, 0.006828635330833308, 0.006712421195678786
84, 9, 0.013693019885705036, 0.010422050869139022, 0.0087183292136072, 0.006712421195678786
85, 0, 0.010679529336257236, 0.010422050869139022, 0.006868611180085788, 0.006712421195678786
85, 1, 0.012200363004692235, 0.010422050869139022, 0.007817359481280409, 0.006712421195678786
85, 2, 0.010564194160719345, 0.010422050869139022, 0.00679291998188311, 0.006712421195678786
85, 3, 0.010604667350547412, 0.010422050869139022, 0.006838231906985442, 0.006712421195678786
85, 4, 0.010660233119275357, 0.010422050869139022, 0.006845823840735835, 0.006712421195678786
85, 5, 0.011379070958188643, 0.010422050869139022, 0.007357880086920386, 0.006712421195678786
85, 6, 0.011379070958188643, 0.010422050869139022, 0.007357880086920386, 0.006712421195678786
85, 7, 0.010841374860669868, 0.010422050869139022, 0.006959734073177434, 0.006712421195678786
85, 8, 0.010550620300546256, 0.010422050869139022, 0.0067944103989139104, 0.006712421195678786
85, 9, 0.011819714047582211, 0.010422050869139022, 0.007583044389832351, 0.006712421195678786
86, 0, 0.01077118081302569, 0.010422050869139022, 0.0069391932643444185, 0.006712421195678786
86, 1, 0.010938402980902344, 0.010422050869139022, 0.007087317410116434, 0.006712421195678786
86, 2, 0.010698905778721705, 0.010422050869139022, 0.006881592965945452, 0.006712421195678786
86, 3, 0.010625415850938773, 0.010422050869139022, 0.006853848101690392, 0.006712421195678786
86, 4, 0.010657488297246664, 0.010422050869139022, 0.006845390803423901, 0.006712421195678786
86, 5, 0.010833879283028274, 0.010422050869139022, 0.007043739784995149, 0.006712421195678786
86, 6, 0.010585083408979724, 0.010422050869139022, 0.006830841168201109, 0.006712421195678786
86, 7, 0.010649130261646477, 0.010422050869139022, 0.006840712286698356, 0.006712421195678786
86, 8, 0.010538729091428783, 0.010422050869139022, 0.006789855771801911, 0.006712421195678786
86, 9, 0.01078314245312718, 0.010422050869139022, 0.00697666153895975, 0.006712421195678786
87, 0, 0.010603951092792989, 0.010422050869139022, 0.0068348987857610915, 0.006712421195678786
87, 1, 0.01082734694846994, 0.010422050869139022, 0.007033385230544789, 0.006712421195678786
87, 2, 0.010626780417274492, 0.010422050869139022, 0.006837713861443252, 0.006712421195678786
87, 3, 0.010563953268857233, 0.010422050869139022, 0.0068150124798555985, 0.006712421195678786
87, 4, 0.010632477473398341, 0.010422050869139022, 0.006832552147338119, 0.006712421195678786
87, 5, 0.010641566051882649, 0.010422050869139022, 0.006946298379565229, 0.006712421195678786
87, 6, 0.010543088094113653, 0.010422050869139022, 0.006808241802037412, 0.006712421195678786
87, 7, 0.010711145815810246, 0.010422050869139022, 0.006893868079032882, 0.006712421195678786
87, 8, 0.010756534225239247, 0.010422050869139022, 0.006938907872079931, 0.006712421195678786
87, 9, 0.016460332616122765, 0.010422050869139022, 0.010700916299893684, 0.006712421195678786
88, 0, 0.010680484098756384, 0.010422050869139022, 0.00688298401691599, 0.006712421195678786
88, 1, 0.012102993597359005, 0.010422050869139022, 0.007868442169645587, 0.006712421195678786
88, 2, 0.010722487609273013, 0.010422050869139022, 0.006910852047940001, 0.006712421195678786
88, 3, 0.010580945754589845, 0.010422050869139022, 0.006830264360487832, 0.006712421195678786
88, 4, 0.010509919290566305, 0.010422050869139022, 0.0067561005187307755, 0.006712421195678786
88, 5, 0.011147255494227784, 0.010422050869139022, 0.0072644747504989815, 0.006712421195678786
88, 6, 0.01051235273303992, 0.010422050869139022, 0.006788594139310474, 0.006712421195678786
88, 7, 0.01059489286840575, 0.010422050869139022, 0.0068316111353551754, 0.006712421195678786
88, 8, 0.010671828152305583, 0.010422050869139022, 0.006881524101665593, 0.006712421195678786
88, 9, 0.02715253245332278, 0.010422050869139022, 0.01782213745434122, 0.006712421195678786
89, 0, 0.010885834100891435, 0.010422050869139022, 0.007014451332130377, 0.006712421195678786
89, 1, 0.012832890306997712, 0.010422050869139022, 0.008337266886605056, 0.006712421195678786
89, 2, 0.010494414289708837, 0.010422050869139022, 0.0067662456362311855, 0.006712421195678786
89, 3, 0.010771186288126601, 0.010422050869139022, 0.006957812501947436, 0.006712421195678786
89, 4, 0.01077485966837828, 0.010422050869139022, 0.006941261699984053, 0.006712421195678786
89, 5, 0.011533951443294338, 0.010422050869139022, 0.007489267668777244, 0.006712421195678786
89, 6, 0.010631640801249488, 0.010422050869139022, 0.006864591089902644, 0.006712421195678786
89, 7, 0.010703561028881821, 0.010422050869139022, 0.006920668946107306, 0.006712421195678786
89, 8, 0.010669359212419557, 0.010422050869139022, 0.006883470013836514, 0.006712421195678786
89, 9, 0.026841730569208806, 0.010422050869139022, 0.017609862103895067, 0.006712421195678786
90, 0, 0.010805484551701288, 0.010422050869139022, 0.006955975027450018, 0.006712421195678786
90, 1, 0.01335436167386146, 0.010422050869139022, 0.00866752437393972, 0.006712421195678786
90, 2, 0.010519793688415354, 0.010422050869139022, 0.00678637515855778, 0.006712421195678786
90, 3, 0.010542402116976752, 0.010422050869139022, 0.006804679969431079, 0.006712421195678786
90, 4, 0.010685594541376561, 0.010422050869139022, 0.006882380032578464, 0.006712421195678786
90, 5, 0.011132642913579046, 0.010422050869139022, 0.007198377509751768, 0.006712421195678786
90, 6, 0.01093288785248086, 0.010422050869139022, 0.00706130486563989, 0.006712421195678786
90, 7, 0.010612479932830373, 0.010422050869139022, 0.006868704683943184, 0.006712421195678786
90, 8, 0.010544020361090445, 0.010422050869139022, 0.0067990556970634886, 0.006712421195678786
90, 9, 0.01413209533073031, 0.010422050869139022, 0.00915205122912559, 0.006712421195678786
91, 0, 0.01075002696948111, 0.010422050869139022, 0.00691997861257447, 0.006712421195678786
91, 1, 0.012495994606447326, 0.010422050869139022, 0.008085986592901061, 0.006712421195678786
91, 2, 0.010874146702989688, 0.010422050869139022, 0.007021872235643011, 0.006712421195678786
91, 3, 0.010631047674161904, 0.010422050869139022, 0.006862960007009589, 0.006712421195678786
91, 4, 0.010589654836602132, 0.010422050869139022, 0.006819497543886994, 0.006712421195678786
91, 5, 0.010631490605752022, 0.010422050869139022, 0.00686033714910235, 0.006712421195678786
91, 6, 0.010968504617817716, 0.010422050869139022, 0.007082362877849062, 0.006712421195678786
91, 7, 0.010554315588509564, 0.010422050869139022, 0.006827687534838474, 0.006712421195678786
91, 8, 0.010646854503708048, 0.010422050869139022, 0.006869179689681784, 0.006712421195678786
91, 9, 0.010646510770122066, 0.010422050869139022, 0.006869676599336951, 0.006712421195678786
92, 0, 0.010522354324738333, 0.010422050869139022, 0.006770605349341565, 0.006712421195678786
92, 1, 0.010704602077191164, 0.010422050869139022, 0.006903363918683219, 0.006712421195678786
92, 2, 0.011215364629686917, 0.010422050869139022, 0.007242797061028305, 0.006712421195678786
92, 3, 0.010641319824668512, 0.010422050869139022, 0.006868158242819295, 0.006712421195678786
92, 4, 0.010777788710368778, 0.010422050869139022, 0.006941200772442822, 0.006712421195678786
92, 5, 0.01057670750453783, 0.010422050869139022, 0.006843047322891761, 0.006712421195678786
92, 6, 0.01057670176376899, 0.010422050869139022, 0.006818198014534469, 0.006712421195678786
92, 7, 0.010617396463082488, 0.010422050869139022, 0.006864423136448333, 0.006712421195678786
92, 8, 0.010616996749945531, 0.010422050869139022, 0.006844985879472978, 0.006712421195678786
92, 9, 0.010815553033714103, 0.010422050869139022, 0.006959583817460914, 0.006712421195678786
93, 0, 0.010590899364495067, 0.010422050869139022, 0.006822661414502502, 0.006712421195678786
93, 1, 0.011710657952294513, 0.010422050869139022, 0.0075214985876205336, 0.006712421195678786
93, 2, 0.01073044802434347, 0.010422050869139022, 0.006923278335183203, 0.006712421195678786
93, 3, 0.010648765703306357, 0.010422050869139022, 0.006870398326425243, 0.006712421195678786
93, 4, 0.010593837673455805, 0.010422050869139022, 0.006810344637221429, 0.006712421195678786
93, 5, 0.01079355499279504, 0.010422050869139022, 0.006998595804500727, 0.006712421195678786
93, 6, 0.010617358081899397, 0.010422050869139022, 0.006841705823410382, 0.006712421195678786
93, 7, 0.010708665137880801, 0.010422050869139022, 0.006918648645570127, 0.006712421195678786
93, 8, 0.01070874200589787, 0.010422050869139022, 0.00690377990080051, 0.006712421195678786
93, 9, 0.012103365716060748, 0.010422050869139022, 0.007735184496142441, 0.006712421195678786
94, 0, 0.010643047206245792, 0.010422050869139022, 0.006856162645638187, 0.006712421195678786
94, 1, 0.01295643829048383, 0.010422050869139022, 0.008268192182216024, 0.006712421195678786
94, 2, 0.010541881865483976, 0.010422050869139022, 0.006796414936160723, 0.006712421195678786
94, 3, 0.010538725291227402, 0.010422050869139022, 0.006790629960809039, 0.006712421195678786
94, 4, 0.010574070237511815, 0.010422050869139022, 0.006787172054455477, 0.006712421195678786
94, 5, 0.01084312706106498, 0.010422050869139022, 0.0070494811640329355, 0.006712421195678786
94, 6, 0.010733161824665416, 0.010422050869139022, 0.006919858072967244, 0.006712421195678786
94, 7, 0.010684239765272323, 0.010422050869139022, 0.006892802476924604, 0.006712421195678786
94, 8, 0.010535700170914113, 0.010422050869139022, 0.006783860154732133, 0.006712421195678786
94, 9, 0.011649314873745788, 0.010422050869139022, 0.00745875202824138, 0.006712421195678786
95, 0, 0.01044061096850199, 0.010422050869139022, 0.006717167971263412, 0.006712421195678786
95, 1, 0.012547707755649819, 0.010422050869139022, 0.008034587428390595, 0.006712421195678786
95, 2, 0.010686583713196862, 0.010422050869139022, 0.006879855736164932, 0.006712421195678786
95, 3, 0.010709836881578486, 0.010422050869139022, 0.006901841240847174, 0.006712421195678786
95, 4, 0.010814394208737487, 0.010422050869139022, 0.006943874370985638, 0.006712421195678786
95, 5, 0.01082218461492928, 0.010422050869139022, 0.007042946690970148, 0.006712421195678786
95, 6, 0.010610835745234224, 0.010422050869139022, 0.006842132348943601, 0.006712421195678786
95, 7, 0.010715803343872107, 0.010422050869139022, 0.006912549987666523, 0.006712421195678786
95, 8, 0.010537533669679015, 0.010422050869139022, 0.006784174963151714, 0.006712421195678786
95, 9, 0.010747676576345257, 0.010422050869139022, 0.006914436686003749, 0.006712421195678786
96, 0, 0.010624677316814879, 0.010422050869139022, 0.006838702528206679, 0.006712421195678786
96, 1, 0.01150315664892086, 0.010422050869139022, 0.007432526668845199, 0.006712421195678786
96, 2, 0.010745466619341814, 0.010422050869139022, 0.006908523107862773, 0.006712421195678786
96, 3, 0.010653071072830918, 0.010422050869139022, 0.0068643822123014295, 0.006712421195678786
96, 4, 0.01080754835831688, 0.010422050869139022, 0.006930144749199361, 0.006712421195678786
96, 5, 0.010786731018640784, 0.010422050869139022, 0.007018637549492789, 0.006712421195678786
96, 6, 0.010574086184930033, 0.010422050869139022, 0.006823815338719321, 0.006712421195678786
96, 7, 0.010498457303507115, 0.010422050869139022, 0.006771322526308957, 0.006712421195678786
96, 8, 0.010737136349249554, 0.010422050869139022, 0.006921208340572137, 0.006712421195678786
96, 9, 0.010684955531546381, 0.010422050869139022, 0.006888650951103335, 0.006712421195678786
97, 0, 0.010557687320901373, 0.010422050869139022, 0.006792519460472798, 0.006712421195678786
97, 1, 0.010613952285492896, 0.010422050869139022, 0.006880416751110973, 0.006712421195678786
97, 2, 0.010657089808114969, 0.010422050869139022, 0.006846116566534757, 0.006712421195678786
97, 3, 0.010645243908466807, 0.010422050869139022, 0.0068582322636339425, 0.006712421195678786
97, 4, 0.010525348042396392, 0.010422050869139022, 0.006760215204168022, 0.006712421195678786
97, 5, 0.010678839983277155, 0.010422050869139022, 0.006944938928151889, 0.006712421195678786
97, 6, 0.01051909220561347, 0.010422050869139022, 0.006792797241173613, 0.006712421195678786
97, 7, 0.010715301477478806, 0.010422050869139022, 0.006915738073200041, 0.006712421195678786
97, 8, 0.010617128934671186, 0.010422050869139022, 0.0068410668884915, 0.006712421195678786
97, 9, 0.011757391500902284, 0.010422050869139022, 0.00758776998450266, 0.006712421195678786
98, 0, 0.010660120587986337, 0.010422050869139022, 0.006861532463303586, 0.006712421195678786
98, 1, 0.01084986724549623, 0.010422050869139022, 0.0070359933247375476, 0.006712421195678786
98, 2, 0.010793831417423329, 0.010422050869139022, 0.006941628533106107, 0.006712421195678786
98, 3, 0.010545128686599767, 0.010422050869139022, 0.006793761369954604, 0.006712421195678786
98, 4, 0.010682408449204943, 0.010422050869139022, 0.006874622266751483, 0.006712421195678786
98, 5, 0.010669426484662679, 0.010422050869139022, 0.00691916117684221, 0.006712421195678786
98, 6, 0.010491442611113583, 0.010422050869139022, 0.006772525193860111, 0.006712421195678786
98, 7, 0.010737869848363325, 0.010422050869139022, 0.0069316846277397174, 0.006712421195678786
98, 8, 0.010544201663529542, 0.010422050869139022, 0.006793442472950269, 0.006712421195678786
98, 9, 0.014697451892308559, 0.010422050869139022, 0.009516188037262353, 0.006712421195678786
99, 0, 0.01057669800474895, 0.010422050869139022, 0.00681078685277743, 0.006712421195678786
99, 1, 0.01175027995828198, 0.010422050869139022, 0.007626513902580488, 0.006712421195678786
99, 2, 0.01070528033575206, 0.010422050869139022, 0.006893095598663364, 0.006712421195678786
99, 3, 0.01054899020374487, 0.010422050869139022, 0.0068005320050754095, 0.006712421195678786
99, 4, 0.010524588911964658, 0.010422050869139022, 0.006768966925590329, 0.006712421195678786
99, 5, 0.010675478420054667, 0.010422050869139022, 0.006910766177200528, 0.006712421195678786
99, 6, 0.0107915907555899, 0.010422050869139022, 0.006962681327448358, 0.006712421195678786
99, 7, 0.010728189745264518, 0.010422050869139022, 0.006920299348995347, 0.006712421195678786
99, 8, 0.010436496919731753, 0.010422050869139022, 0.006721975600315409, 0.006712421195678786
99, 9, 0.026689121461729328, 0.010422050869139022, 0.017498228969694524, 0.006712421195678786
